   637     400    1    2.00982E+05  1.90154E+03  1.85627E+04  2.55565E+01  7.90172E+04  3.75293E+03
   637     677    2    2.00982E+05  1.90154E+03  1.85627E+04  2.55565E+01  1.13574E+04  3.94170E+03
   638     677    1    2.02113E+05  1.85678E+03  1.87678E+04  2.53657E+01  1.13370E+04  3.97115E+03
   638     448    2    2.02113E+05  1.85678E+03  1.87678E+04  2.53657E+01  6.97982E+04  3.51014E+03
   639     448    1    1.17532E+05  1.01794E+03  1.24665E+04  2.81002E+01  6.00986E+04  3.20630E+03
   639     678    2    1.17532E+05  1.01794E+03  1.24665E+04  2.81002E+01  1.26520E+04  2.09987E+03
   640     678    1    1.19522E+05  2.35457E+03  1.37305E+04  2.73617E+01  1.26515E+04  1.99373E+03
   640     482    2    1.19522E+05  2.35457E+03  1.37305E+04  2.73617E+01  4.44327E+04  7.42457E+03
   641     554    1    1.32377E+05  2.37857E+03  1.18604E+04  2.53733E+01  3.59435E+04  7.45545E+03
   641     679    2    1.32377E+05  2.37857E+03  1.18604E+04  2.53733E+01  1.21935E+04  2.18174E+03
   642     679    1    1.31944E+05  1.19920E+03  1.14922E+04  2.63402E+01  1.21903E+04  2.33319E+03
   642     612    2    1.31944E+05  1.19920E+03  1.14922E+04  2.63402E+01  4.88418E+04  2.68509E+03
   643     612    1    1.62565E+05  8.85793E+02  1.70943E+04  2.18284E+01  6.36219E+04  2.46640E+03
   643     680    2    1.62565E+05  8.85793E+02  1.70943E+04  2.18284E+01  1.00595E+04  1.08089E+03
   644     680    1    1.56568E+05  5.58307E+02  1.71945E+04  2.26249E+01  1.00552E+04  1.07932E+03
   644     660    2    1.56568E+05  5.58307E+02  1.71945E+04  2.26249E+01  6.84857E+04  1.57391E+03
   783     444    1    7.12084E+05  1.32375E+04  1.72827E+04  8.49073E+01  7.44338E+04  2.88569E+04
   783     712    2    7.12084E+05  1.32375E+04  1.72827E+04  8.49073E+01  7.27050E+03  2.40932E+04
   784     712    1    7.17357E+05  1.02206E+04  1.88910E+04  8.61958E+01  7.26371E+03  2.39438E+04
   784     478    2    7.17357E+05  1.02206E+04  1.88910E+04  8.61958E+01  6.83191E+04  1.78863E+04
   785     550    1    5.98275E+05  7.05033E+03  1.71597E+04  9.61050E+01  6.11639E+04  1.75910E+04
   785     713    2    5.98275E+05  7.05033E+03  1.71597E+04  9.61050E+01  7.53830E+03  1.26389E+04
   786     713    1    5.94531E+05  6.70778E+03  1.57084E+04  9.62091E+01  7.55707E+03  1.28225E+04
   786     608    2    5.94531E+05  6.70778E+03  1.57084E+04  9.62091E+01  6.67997E+04  1.40649E+04
   876     373    1    8.25404E+05  3.36906E+03  1.68155E+04  5.13500E+01  5.80769E+04  5.49620E+03
   876     756    2    8.25404E+05  3.36906E+03  1.68155E+04  5.13500E+01  1.58845E+04  8.17630E+03
   877     756    1    8.27521E+05  4.70950E+03  1.24714E+04  5.06630E+01  1.58905E+04  8.17071E+03
   877     428    2    8.27521E+05  4.70950E+03  1.24714E+04  5.06630E+01  5.11351E+04  1.10130E+04
   878     585    1    6.15255E+05  3.25747E+03  1.32874E+04  6.79412E+01  3.76977E+04  8.13605E+03
   878     757    2    6.15255E+05  3.25747E+03  1.32874E+04  6.79412E+01  2.37327E+04  4.90005E+03
   879     757    1    6.15399E+05  1.65591E+03  1.85097E+04  6.66248E+01  2.37273E+04  4.87411E+03
   879     640    2    6.15399E+05  1.65591E+03  1.85097E+04  6.66248E+01  5.22291E+04  2.93624E+03
   910     369    1    1.88965E+05  1.47095E+03  2.64095E+04  9.39481E+01  8.10831E+04  4.45654E+03
   910     766    2    1.88965E+05  1.47095E+03  2.64095E+04  9.39481E+01  2.47832E+04  4.64631E+03
   935     766    1    1.86933E+05  3.00223E+03  1.83914E+04  9.25788E+01  2.47755E+04  4.68900E+03
   935     424    2    1.86933E+05  3.00223E+03  1.83914E+04  9.25788E+01  6.76956E+04  7.33408E+03
   954     361    1    1.33498E+05  4.68636E+03  1.98333E+04  6.29005E+01  5.70771E+04  1.24412E+04
   954     777    2    1.33498E+05  4.68636E+03  1.98333E+04  6.29005E+01  2.23348E+04  6.32210E+03
   955     777    1    1.32551E+05  3.97606E+03  1.36535E+04  6.73345E+01  2.23470E+04  6.36404E+03
   955     416    2    1.32551E+05  3.97606E+03  1.36535E+04  6.73345E+01  4.24094E+04  9.92814E+03
   956     573    1    1.19152E+05  4.67230E+03  1.12329E+04  6.43050E+01  4.19673E+04  1.21941E+04
   956     778    2    1.19152E+05  4.67230E+03  1.12329E+04  6.43050E+01  1.16382E+04  6.60482E+03
   957     778    1    1.17003E+05  1.89485E+03  1.31662E+04  5.74220E+01  1.15978E+04  6.60774E+03
   957     628    2    1.17003E+05  1.89485E+03  1.31662E+04  5.74220E+01  4.73047E+04  2.96469E+03
   980     357    1    1.25428E+05  2.43376E+03  1.50049E+04  2.38378E+01  4.90235E+04  6.07923E+03
   980     787    2    1.25428E+05  2.43376E+03  1.50049E+04  2.38378E+01  1.96995E+04  6.54931E+03
   981     787    1    1.28175E+05  4.77204E+03  1.12730E+04  2.42727E+01  1.97055E+04  8.72818E+03
   981     412    2    1.28175E+05  4.77204E+03  1.12730E+04  2.42727E+01  4.05515E+04  1.03831E+04
   982     569    1    1.26055E+05  1.59130E+03  8.63168E+03  8.15074E+01  3.45696E+04  4.62535E+03
   982     788    2    1.26055E+05  1.59130E+03  8.63168E+03  8.15074E+01  8.79201E+03  1.89825E+03
   983     788    1    1.23488E+05  5.32647E+02  8.71802E+03  7.97782E+01  8.76112E+03  1.88048E+03
   983     624    2    1.23488E+05  5.32647E+02  8.71802E+03  7.97782E+01  3.06899E+04  2.32982E+03
  2248     365    1    1.65439E+05  2.73047E+03  1.34997E+04  6.12265E+01  4.77950E+04  8.54995E+03
  2248    1311    2    1.65439E+05  2.73047E+03  1.34997E+04  6.12265E+01  1.33751E+04  4.68959E+03
  2249    1311    1    1.69186E+05  2.49759E+03  1.23368E+04  6.04948E+01  1.33964E+04  4.73336E+03
  2249     420    2    1.69186E+05  2.49759E+03  1.23368E+04  6.04948E+01  4.71392E+04  6.47931E+03
  2250     577    1    1.13750E+05  1.99003E+03  1.46130E+04  5.80138E+01  5.41879E+04  4.49307E+03
  2250    1312    2    1.13750E+05  1.99003E+03  1.46130E+04  5.80138E+01  1.66033E+04  4.49360E+03
  2251    1312    1    1.14259E+05  2.25118E+03  1.76899E+04  5.53530E+01  1.65945E+04  4.47619E+03
  2251     632    2    1.14259E+05  2.25118E+03  1.76899E+04  5.53530E+01  6.28935E+04  5.30809E+03
  2372     392    1    1.41315E+05  7.59162E+02  1.76456E+04  1.28392E+02  6.16292E+04  2.32698E+03
  2372    1341    2    1.41315E+05  7.59162E+02  1.76456E+04  1.28392E+02  2.64121E+04  7.16322E+02
  2373    1341    1    2.26157E+05  3.12251E+02  1.83256E+04  1.28617E+02  2.64004E+04  8.92647E+02
  2373     440    2    2.26157E+05  3.12251E+02  1.83256E+04  1.28617E+02  6.49104E+04  1.30433E+03
  2374     440    1    2.19484E+05  5.38314E+03  1.37222E+04  1.03535E+02  5.90846E+04  1.15025E+04
  2374    1342    2    2.19484E+05  5.38314E+03  1.37222E+04  1.03535E+02  6.64495E+03  1.06213E+04
  2375    1342    1    2.19568E+05  6.50941E+03  1.43344E+04  1.03153E+02  6.66578E+03  1.05552E+04
  2375     475    2    2.19568E+05  6.50941E+03  1.43344E+04  1.03153E+02  5.10963E+04  1.86627E+04
  2376     547    1    1.94706E+05  7.97065E+03  1.73801E+04  1.12821E+02  6.33247E+04  2.23535E+04
  2376    1343    2    1.94706E+05  7.97065E+03  1.73801E+04  1.12821E+02  6.67675E+03  1.06661E+04
  2377    1343    1    1.93698E+05  5.56247E+03  1.63574E+04  1.12465E+02  6.66503E+03  1.10549E+04
  2377     604    2    1.93698E+05  5.56247E+03  1.63574E+04  1.12465E+02  7.12457E+04  1.19347E+04
  2378     604    1    1.97276E+05  3.45860E+02  1.90694E+04  1.13229E+02  6.79102E+04  1.25515E+03
  2378    1344    2    1.97276E+05  3.45860E+02  1.90694E+04  1.13229E+02  2.54487E+04  6.55678E+02
  2379    1344    1    1.05628E+05  5.92752E+02  1.82849E+04  1.13207E+02  2.54558E+04  4.75247E+02
  2379     652    2    1.05628E+05  5.92752E+02  1.82849E+04  1.13207E+02  6.46649E+04  1.93183E+03
  2570     388    1    1.22215E+05  5.61657E+02  1.89485E+04  1.58346E+02  6.04554E+04  1.77896E+03
  2570    1403    2    1.22215E+05  5.61657E+02  1.89485E+04  1.58346E+02  3.11989E+04  6.72812E+02
  2571    1403    1    2.60182E+05  4.35655E+02  2.10193E+04  1.55310E+02  3.12125E+04  7.91241E+02
  2571     436    2    2.60182E+05  4.35655E+02  2.10193E+04  1.55310E+02  7.08329E+04  1.98004E+03
  2572     436    1    1.45574E+05  8.75022E+03  1.56057E+04  1.83577E+02  6.52931E+04  1.91742E+04
  2572    1404    2    1.45574E+05  8.75022E+03  1.56057E+04  1.83577E+02  5.63249E+03  1.58267E+04
  2573    1404    1    1.45962E+05  6.60851E+03  1.58828E+04  1.82814E+02  5.62433E+03  1.57087E+04
  2573     472    2    1.45962E+05  6.60851E+03  1.58828E+04  1.82814E+02  5.93216E+04  1.15447E+04
  2574     544    1    1.41758E+05  4.00941E+03  2.12389E+04  2.26263E+02  7.96313E+04  7.14281E+03
  2574    1405    2    1.41758E+05  4.00941E+03  2.12389E+04  2.26263E+02  6.36266E+03  8.91091E+03
  2575    1405    1    1.42396E+05  4.70281E+03  1.99807E+04  2.26650E+02  6.36443E+03  8.96654E+03
  2575     600    2    1.42396E+05  4.70281E+03  1.99807E+04  2.26650E+02  8.52153E+04  9.90915E+03
  2576     600    1    2.47134E+05  4.97489E+02  1.94305E+04  1.17215E+02  6.69909E+04  1.46740E+03
  2576    1406    2    2.47134E+05  4.97489E+02  1.94305E+04  1.17215E+02  2.84509E+04  9.91650E+02
  2577    1406    1    1.05855E+05  6.94376E+02  1.99174E+04  1.19463E+02  2.84581E+04  8.57679E+02
  2577     648    2    1.05855E+05  6.94376E+02  1.99174E+04  1.19463E+02  6.52890E+04  1.92756E+03
  3236     478    1    6.71054E+05  3.06524E+03  2.15064E+04  9.19580E-01  9.55894E+04  1.43834E+04
  3236     514    2    6.71054E+05  3.06524E+03  2.15064E+04  9.19580E-01  9.79681E+04  1.32038E+04
  3237     514    1    5.98482E+05  2.80154E+03  2.06735E+04  7.84578E-01  9.27812E+04  1.26815E+04
  3237     550    2    5.98482E+05  2.80154E+03  2.06735E+04  7.84578E-01  9.32805E+04  1.25437E+04
  3280     472    1    1.20244E+05  1.35930E+03  2.22180E+04  1.89725E+00  1.02654E+05  6.62488E+03
  3280     508    2    1.20244E+05  1.35930E+03  2.22180E+04  1.89725E+00  9.81002E+04  5.72503E+03
  3281     508    1    1.22921E+05  1.36931E+03  2.77863E+04  1.54968E+00  1.24231E+05  6.05644E+03
  3281     544    2    1.22921E+05  1.36931E+03  2.77863E+04  1.54968E+00  1.25879E+05  6.37977E+03
  3418     482    1    1.85968E+05  1.46846E+03  7.95800E+03  1.07695E+00  4.02011E+04  6.07566E+03
  3418     517    2    1.85968E+05  1.46846E+03  7.95800E+03  1.07695E+00  3.14959E+04  7.14050E+03
  3419     517    1    1.86724E+05  1.60312E+03  7.08768E+03  1.33686E+00  2.76940E+04  7.59727E+03
  3419     554    2    1.86724E+05  1.60312E+03  7.08768E+03  1.33686E+00  3.72562E+04  6.83085E+03
 35749     432    1    5.57646E+05  6.02804E+03  1.09074E+04  1.42719E+02  4.23154E+04  1.36998E+04
 35749     738    2    5.57646E+05  6.02804E+03  1.09074E+04  1.42719E+02  1.77982E+04  1.10412E+04
 35750     738    1    5.58104E+05  3.64382E+03  1.23956E+04  1.43279E+02  1.77905E+04  1.05482E+04
 35750     462    2    5.58104E+05  3.64382E+03  1.23956E+04  1.43279E+02  3.97072E+04  4.07662E+03
 35753     534    1    4.42898E+05  3.52425E+03  1.42997E+04  1.54787E+02  4.62162E+04  4.00821E+03
 35753     739    2    4.42898E+05  3.52425E+03  1.42997E+04  1.54787E+02  1.23733E+04  1.05647E+04
 35754     739    1    4.42086E+05  5.86992E+03  1.35182E+04  1.50115E+02  1.23318E+04  1.11225E+04
 35754     589    2    4.42086E+05  5.86992E+03  1.35182E+04  1.50115E+02  5.66264E+04  1.23572E+04
 
 ELEMENT RESULTS FOR ZONE = P9PLANE_F  CASE COMBINATION  NUMBER =  1
 
 ELEMENT GROUP =  9  (BEAM)  RESULTS ARE MEASURED IN ELEMENT STRESS SYSTEM
 
    EL    NGLOB NLOC       FORCE-R      FORCE-S      FORCE-T     MOMENT-R     MOMENT-S     MOMENT-T
 
   781     396    1    1.63161E+05  1.90480E+02  1.87407E+04  1.13667E+01  3.68547E+04  5.64020E+02
   781     711    2    1.63161E+05  1.90480E+02  1.87407E+04  1.13667E+01  3.81082E+04  2.88286E+02
   782     711    1    4.24697E+05  1.85374E+02  1.93531E+04  1.14874E+01  3.80992E+04  3.41354E+02
   782     444    2    4.24697E+05  1.85374E+02  1.93531E+04  1.14874E+01  3.93132E+04  7.27526E+02
   787     608    1    1.96580E+05  1.80317E+02  1.93163E+04  1.17381E+01  3.80431E+04  3.97853E+02
   787     714    2    1.96580E+05  1.80317E+02  1.93163E+04  1.17381E+01  3.92221E+04  3.64613E+02
   788     714    1    6.91951E+04  1.90134E+02  1.98766E+04  1.16178E+01  3.92313E+04  3.15136E+02
   788     656    2    6.91951E+04  1.90134E+02  1.98766E+04  1.16178E+01  4.02753E+04  5.36685E+02
 
 ELEMENT RESULTS FOR ZONE = P13PLANE_F  CASE COMBINATION  NUMBER =  1
 
 ELEMENT GROUP =  13  (TRUSS)  RESULTS ARE MEASURED IN ELEMENT STRESS SYSTEM
 
    EL  POINT                 FORCE-R    STRESS-RR
 
   568     1              1.21343E+06  9.28483E+07
   571     1              5.38440E+05  4.11998E+07
   576     1              1.00823E+06  7.71467E+07
   578     1              1.35260E+06  1.03496E+08
   581     1              9.70876E+05  7.42885E+07
   583     1              9.67492E+05  7.40295E+07
   586     1              1.12407E+06  8.60107E+07
   588     1              5.87660E+05  4.49660E+07
   594     1              1.21251E+06  9.27775E+07
   596     1              1.29573E+06  9.91451E+07
 
 ELEMENT RESULTS FOR ZONE = P17PLANE_F  CASE COMBINATION  NUMBER =  1
 
 ELEMENT GROUP =  17  (BEAM)  RESULTS ARE MEASURED IN ELEMENT STRESS SYSTEM
 
    EL    NGLOB NLOC       FORCE-R      FORCE-S      FORCE-T     MOMENT-R     MOMENT-S     MOMENT-T
 
  3387     508    1    3.99181E+05  5.47033E+04  3.76925E+04  5.47532E+01  1.07020E+05  1.19823E+05
  3387     520    2    3.99181E+05  5.47033E+04  3.76925E+04  5.47532E+01  9.78512E+04  1.53721E+05
  3547     498    1    3.27495E+05  7.71743E+03  1.13295E+04  2.54481E+01  5.97526E+04  3.39656E+04
  3547     496    2    3.27495E+05  7.71743E+03  1.13295E+04  2.54481E+01  5.98750E+04  4.55844E+04
 
 ELEMENT RESULTS FOR ZONE = P18PLANE_F  CASE COMBINATION  NUMBER =  1
 
 ELEMENT GROUP =  18  (BEAM)  RESULTS ARE MEASURED IN ELEMENT STRESS SYSTEM
 
    EL    NGLOB NLOC       FORCE-R      FORCE-S      FORCE-T     MOMENT-R     MOMENT-S     MOMENT-T
 
   200     488    1    1.64353E+06  7.94062E+03  1.51210E+04  6.14257E+01  1.26836E+05  3.86193E+04
   200     517    2    1.64353E+06  7.94062E+03  1.51210E+04  6.14257E+01  2.33025E+04  4.00350E+04
  3381     485    1    8.87439E+05  4.10798E+04  4.12031E+04  1.00179E+03  4.86835E+04  7.92067E+04
  3381     462    2    8.87439E+05  4.10798E+04  4.12031E+04  1.00179E+03  1.73741E+05  8.51126E+04
  3382     517    1    1.62637E+06  1.41167E+03  9.36327E+03  1.11535E+02  5.12829E+04  1.70429E+04
  3382     514    2    1.62637E+06  1.41167E+03  9.36327E+03  1.11535E+02  4.13754E+04  5.41940E+03
  3383     514    1    1.02840E+06  8.56223E+04  3.90992E+04  1.78914E+02  7.23761E+04  1.97853E+05
  3383     522    2    1.02840E+06  8.56223E+04  3.90992E+04  1.78914E+02  1.23120E+05  2.30259E+05
  3384     522    1    1.01211E+06  7.05105E+04  4.94237E+04  3.10328E+02  1.22400E+05  1.55942E+05
  3384     511    2    1.01211E+06  7.05105E+04  4.94237E+04  3.10328E+02  7.59725E+04  1.26100E+05
  3385     511    1    9.84151E+05  6.79749E+04  5.50079E+04  2.98106E+02  1.39521E+05  1.20888E+05
  3385     521    2    9.84151E+05  6.79749E+04  5.50079E+04  2.98106E+02  8.72624E+04  1.57809E+05
  3386     521    1    9.69585E+05  6.49286E+04  3.23548E+04  1.33466E+02  8.71116E+04  1.52191E+05
  3386     508    2    9.69585E+05  6.49286E+04  3.23548E+04  1.33466E+02  6.68685E+04  1.01169E+05
  3395     557    1    8.73116E+05  5.53764E+04  4.67605E+04  9.01837E+02  5.29892E+04  1.06567E+05
  3395     534    2    8.73116E+05  5.53764E+04  4.67605E+04  9.01837E+02  1.96486E+05  1.15085E+05
 
 ELEMENT RESULTS FOR ZONE = P19PLANE_F  CASE COMBINATION  NUMBER =  1
 
 ELEMENT GROUP =  19  (BEAM)  RESULTS ARE MEASURED IN ELEMENT STRESS SYSTEM
 
    EL    NGLOB NLOC       FORCE-R      FORCE-S      FORCE-T     MOMENT-R     MOMENT-S     MOMENT-T
 
  2963     462    1    3.48245E+05  7.51561E+03  7.57873E+03  2.33932E+02  6.25199E+04  3.08319E+04
  2963     460    2    3.48245E+05  7.51561E+03  7.57873E+03  2.33932E+02  1.93462E+04  4.69382E+04
  3347     534    1    3.22165E+05  9.83876E+03  7.50368E+03  2.85231E+02  6.47679E+04  4.17659E+04
  3347     532    2    3.22165E+05  9.83876E+03  7.50368E+03  2.85231E+02  1.76179E+04  5.98497E+04
  3379     486    1    1.04308E+06  3.90111E+04  1.12229E+04  1.41519E+03  3.98543E+04  9.13464E+04
  3379     472    2    1.04308E+06  3.90111E+04  1.12229E+04  1.41519E+03  3.18427E+04  6.08809E+04
  3380     472    1    8.94491E+05  5.07205E+04  2.29165E+04  1.13805E+03  6.85640E+04  1.16556E+05
  3380     485    2    8.94491E+05  5.07205E+04  2.29165E+04  1.13805E+03  4.97174E+04  1.37347E+05
  3393     558    1    1.27213E+06  4.91164E+04  1.21503E+04  1.39400E+03  4.15163E+04  1.13055E+05
  3393     544    2    1.27213E+06  4.91164E+04  1.21503E+04  1.39400E+03  3.56506E+04  7.85586E+04
  3394     544    1    8.75266E+05  6.07610E+04  2.83706E+04  1.02053E+03  8.79643E+04  1.40780E+05
  3394     557    2    8.75266E+05  6.07610E+04  2.83706E+04  1.02053E+03  5.38886E+04  1.63147E+05
 
 ELEMENT RESULTS FOR ZONE = P20PLANE_F  CASE COMBINATION  NUMBER =  1
 
 ELEMENT GROUP =  20  (BEAM)  RESULTS ARE MEASURED IN ELEMENT STRESS SYSTEM
 
    EL    NGLOB NLOC       FORCE-R      FORCE-S      FORCE-T     MOMENT-R     MOMENT-S     MOMENT-T
 
    18     388    1    3.56395E+06  6.38195E+04  3.41637E+04  9.41961E+01  1.37239E+05  2.61029E+05
    18     377    2    3.56395E+06  6.38195E+04  3.41637E+04  9.41961E+01  2.25152E+05  3.13669E+05
   375     648    1    2.38336E+06  6.44359E+04  4.24844E+04  1.06389E+02  1.40566E+05  2.57395E+05
   375     644    2    2.38336E+06  6.44359E+04  4.24844E+04  1.06389E+02  2.48601E+05  3.22709E+05
 
 ELEMENT RESULTS FOR ZONE = P39PLANE_F  CASE COMBINATION  NUMBER =  1
 
 ELEMENT GROUP =  39  (TRUSS)  RESULTS ARE MEASURED IN ELEMENT STRESS SYSTEM
 
    EL  POINT                 FORCE-R    STRESS-RR
 
   570     1              6.66199E+05  7.45631E+07
   582     1              8.79841E+05  9.84746E+07
   597     1              6.50973E+05  7.28589E+07
   598     1              1.14825E+06  1.28516E+08
 
 ELEMENT RESULTS FOR ZONE = P44PLANE_F  CASE COMBINATION  NUMBER =  1
 
 ELEMENT GROUP =  44  (BEAM)  RESULTS ARE MEASURED IN ELEMENT STRESS SYSTEM
 
    EL    NGLOB NLOC       FORCE-R      FORCE-S      FORCE-T     MOMENT-R     MOMENT-S     MOMENT-T
 
    14     377    1    3.19882E+06  3.64322E+04  5.31888E+04  1.90985E+02  1.84722E+05  1.95633E+05
    14     373    2    3.19882E+06  3.64322E+04  5.31888E+04  1.90985E+02  3.96647E+05  1.83508E+05
    22     392    1    2.71671E+06  2.80023E+04  2.84265E+04  6.58443E+01  1.11089E+05  1.02073E+05
    22     388    2    2.71671E+06  2.80023E+04  2.84265E+04  6.58443E+01  1.21360E+05  1.27430E+05
    26     396    1    3.62147E+06  3.20332E+04  4.07891E+04  1.43781E+02  2.71814E+05  1.61151E+05
    26     392    2    3.62147E+06  3.20332E+04  4.07891E+04  1.43781E+02  1.06875E+05  1.28124E+05
    31     349    1    3.89599E+06  2.82781E+04  6.35196E+04  7.14571E+01  5.76710E+05  1.78875E+05
    31     400    2    3.89599E+06  2.82781E+04  6.35196E+04  7.14571E+01  1.37071E+05  1.01757E+05
    32     400    1    3.31556E+06  9.73572E+03  4.26266E+04  1.64654E+02  1.14153E+05  5.69135E+04
    32     396    2    3.31556E+06  9.73572E+03  4.26266E+04  1.64654E+02  2.70690E+05  3.70405E+04
   371     644    1    2.41612E+06  4.29677E+04  5.74000E+04  1.33783E+02  2.21348E+05  2.37572E+05
   371     640    2    2.41612E+06  4.29677E+04  5.74000E+04  1.33783E+02  3.95320E+05  2.05518E+05
   379     652    1    2.86142E+06  3.47716E+04  2.23653E+04  5.92195E+01  7.99670E+04  1.28711E+05
   379     648    2    2.86142E+06  3.47716E+04  2.23653E+04  5.92195E+01  1.23031E+05  1.49463E+05
   383     656    1    3.59601E+06  3.43065E+04  3.07463E+04  8.77165E+01  1.97225E+05  1.75808E+05
   383     652    2    3.59601E+06  3.43065E+04  3.07463E+04  8.77165E+01  1.04979E+05  1.33050E+05
   388     616    1    4.60654E+06  2.39602E+04  6.99271E+04  4.45094E+01  5.76345E+05  1.48582E+05
   388     660    2    4.60654E+06  2.39602E+04  6.99271E+04  4.45094E+01  1.45419E+05  8.89560E+04
   389     660    1    4.03121E+06  7.30766E+03  3.04774E+04  1.07571E+02  1.07178E+05  5.17339E+04
   389     656    2    4.03121E+06  7.30766E+03  3.04774E+04  1.07571E+02  1.67119E+05  1.57754E+04
 
 ELEMENT RESULTS FOR ZONE = P49PLANE_F  CASE COMBINATION  NUMBER =  1
 
 ELEMENT GROUP =  49  (BEAM)  RESULTS ARE MEASURED IN ELEMENT STRESS SYSTEM
 
    EL    NGLOB NLOC       FORCE-R      FORCE-S      FORCE-T     MOMENT-R     MOMENT-S     MOMENT-T
 
    93     404    1    2.73596E+06  4.89838E+04  7.72365E+04  6.40090E+01  6.26920E+05  3.18625E+05
    93     448    2    2.73596E+06  4.89838E+04  7.72365E+04  6.40090E+01  1.38134E+05  1.67244E+05
    94     448    1    2.73033E+06  8.53402E+03  3.26297E+04  5.47799E+02  5.49824E+04  3.40832E+04
    94     444    2    2.73033E+06  8.53402E+03  3.26297E+04  5.47799E+02  2.61248E+05  7.06295E+04
   287    4450    1    4.10543E+06  2.81092E+04  7.07861E+04  9.82910E+02  3.64784E+05  6.81832E+04
   287     589    2    4.10543E+06  2.81092E+04  7.07861E+04  9.82910E+02  4.23315E+05  8.51057E+04
   297     561    1    3.24122E+06  4.34614E+04  7.61320E+04  4.67758E+01  6.12414E+05  2.78859E+05
   297     612    2    3.24122E+06  4.34614E+04  7.61320E+04  4.67758E+01  1.41743E+05  1.51981E+05
   298     612    1    3.24025E+06  7.09050E+03  3.09750E+04  2.66268E+02  7.55429E+04  3.20506E+04
   298     608    2    3.24025E+06  7.09050E+03  3.09750E+04  2.66268E+02  2.28110E+05  5.41353E+04
  3345     432    1    4.24274E+06  4.06069E+04  8.64815E+04  1.78830E+02  3.00163E+05  1.78109E+05
  3345     428    2    4.24274E+06  4.06069E+04  8.64815E+04  1.78830E+02  6.11324E+05  2.43103E+05
  3346     589    1    4.05686E+06  4.98083E+04  9.65023E+04  2.09570E+02  3.83262E+05  2.26545E+05
  3346     585    2    4.05686E+06  4.98083E+04  9.65023E+04  2.09570E+02  6.16633E+05  2.92785E+05
  3369     428    1    5.52228E+06  1.25915E+04  1.49505E+05  2.75176E+02  7.52013E+05  1.11042E+05
  3369     424    2    5.52228E+06  1.25915E+04  1.49505E+05  2.75176E+02  5.06183E+05  3.85859E+04
  3370     424    1    5.49667E+06  5.21651E+03  8.21406E+04  1.84460E+02  4.71551E+05  5.45099E+04
  3370     420    2    5.49667E+06  5.21651E+03  8.21406E+04  1.84460E+02  2.53785E+05  6.79779E+04
  3372     585    1    5.51430E+06  1.19087E+04  1.64767E+05  1.81327E+02  9.29465E+05  1.19262E+05
  3372     581    2    5.51430E+06  1.19087E+04  1.64767E+05  1.81327E+02  4.15299E+05  5.01115E+04
  3373     581    1    5.47652E+06  1.26546E+04  4.98275E+04  1.26399E+02  2.89764E+05  4.40394E+04
  3373     577    2    5.47652E+06  1.26546E+04  4.98275E+04  1.26399E+02  2.30030E+05  1.34434E+05
 30829     440    1    2.95664E+06  8.30285E+04  2.22118E+04  7.95714E+02  1.06079E+05  1.71571E+05
 30829    4689    2    2.95664E+06  8.30285E+04  2.22118E+04  7.95714E+02  1.09819E+05  1.64694E+05
 30830    4689    1    2.99000E+06  4.06250E+04  4.84753E+04  8.21929E+02  1.09028E+05  1.12223E+05
 30830     436    2    2.99000E+06  4.06250E+04  4.84753E+04  8.21929E+02  1.61665E+05  6.89534E+04
 30831     444    1    2.93270E+06  8.88393E+04  6.05102E+04  6.81710E+02  2.88146E+05  2.69076E+05
 30831    4688    2    2.93270E+06  8.88393E+04  6.05102E+04  6.81710E+02  8.94111E+04  1.83611E+05
 30832    4688    1    2.95476E+06  5.04590E+04  5.17971E+04  1.84168E+02  8.54852E+04  9.88303E+04
 30832     440    2    2.95476E+06  5.04590E+04  5.17971E+04  1.84168E+02  2.25722E+05  1.02541E+05
 30839     436    1    4.34153E+06  1.13765E+05  9.58015E+04  9.22390E+02  2.44137E+05  2.28013E+05
 30839    4690    2    4.34153E+06  1.13765E+05  9.58015E+04  9.22390E+02  1.45643E+05  2.33210E+05
 30840    4690    1    4.28389E+06  2.81235E+04  6.68728E+04  9.29710E+02  1.47533E+05  8.89986E+04
 30840    4446    2    4.28389E+06  2.81235E+04  6.68728E+04  9.29710E+02  3.43426E+05  6.51125E+04
 30847     604    1    3.29337E+06  7.97722E+04  1.88502E+04  8.17875E+02  1.29258E+05  1.55235E+05
 30847    4698    2    3.29337E+06  7.97722E+04  1.88502E+04  8.17875E+02  1.16757E+05  1.68040E+05
 30848    4698    1    3.32949E+06  5.84215E+04  4.61263E+04  8.17995E+02  1.15163E+05  1.43047E+05
 30848     600    2    3.32949E+06  5.84215E+04  4.61263E+04  8.17995E+02  1.61843E+05  8.77471E+04
 30849     608    1    3.26253E+06  9.14450E+04  6.43311E+04  2.90979E+02  2.80049E+05  2.90478E+05
 30849    4697    2    3.26253E+06  9.14450E+04  6.43311E+04  2.90979E+02  7.89030E+04  1.78065E+05
 30850    4697    1    3.28830E+06  7.17754E+04  4.93289E+04  1.97786E+02  7.69994E+04  1.29095E+05
 30850     604    2    3.28830E+06  7.17754E+04  4.93289E+04  1.97786E+02  2.36464E+05  1.54961E+05
 30857     600    1    4.17616E+06  1.19902E+05  9.01902E+04  9.21529E+02  2.86300E+05  2.39421E+05
 30857    4699    2    4.17616E+06  1.19902E+05  9.01902E+04  9.21529E+02  1.35909E+05  2.51805E+05
 30858    4699    1    4.10819E+06  2.94016E+04  6.98825E+04  9.46637E+02  1.39521E+05  8.84760E+04
 30858    4450    2    4.10819E+06  2.94016E+04  6.98825E+04  9.46637E+02  3.65511E+05  7.15220E+04
 
 ELEMENT RESULTS FOR ZONE = P50PLANE_F  CASE COMBINATION  NUMBER =  1
 
 ELEMENT GROUP =  50  (BEAM)  RESULTS ARE MEASURED IN ELEMENT STRESS SYSTEM
 
    EL    NGLOB NLOC       FORCE-R      FORCE-S      FORCE-T     MOMENT-R     MOMENT-S     MOMENT-T
 
  3371     420    1    6.30578E+06  5.56426E+04  8.97659E+04  1.04611E+02  2.77374E+05  1.92707E+05
  3371     416    2    6.30578E+06  5.56426E+04  8.97659E+04  1.04611E+02  4.21760E+05  2.35783E+05
  3374     577    1    5.57968E+06  9.00474E+04  8.35221E+04  1.21639E+02  2.57636E+05  3.27152E+05
  3374     573    2    5.57968E+06  9.00474E+04  8.35221E+04  1.21639E+02  3.96967E+05  3.66212E+05
  4119     416    1    5.38184E+06  5.89659E+04  6.09732E+04  3.14541E+03  3.96256E+05  1.25354E+05
  4119    1676    2    5.38184E+06  5.89659E+04  6.09732E+04  3.14541E+03  2.72218E+05  5.63083E+04
  4120    1676    1    5.36752E+06  3.59340E+04  5.81922E+04  1.17813E+03  2.75903E+05  5.71851E+04
  4120    1898    2    5.36752E+06  3.59340E+04  5.81922E+04  1.17813E+03  2.51555E+05  1.57630E+05
  4121    1898    1    5.34393E+06  1.99797E+04  7.21861E+04  2.87090E+03  2.54329E+05  1.59043E+05
  4121     412    2    5.34393E+06  1.99797E+04  7.21861E+04  2.87090E+03  2.96927E+05  1.56153E+05
  4124     573    1    5.42644E+06  7.49531E+04  5.27371E+04  4.35818E+03  3.57623E+05  1.98090E+05
  4124    1688    2    5.42644E+06  7.49531E+04  5.27371E+04  4.35818E+03  2.00582E+05  4.08743E+04
  4125    1688    1    5.42115E+06  4.09297E+04  5.93258E+04  8.93509E+02  1.98026E+05  4.03074E+04
  4125    1901    2    5.42115E+06  4.09297E+04  5.93258E+04  8.93509E+02  1.82403E+05  1.40425E+05
  4126    1901    1    5.40918E+06  2.08205E+04  6.87407E+04  2.80836E+03  1.80525E+05  1.42279E+05
  4126     569    2    5.40918E+06  2.08205E+04  6.87407E+04  2.80836E+03  2.31743E+05  1.62410E+05
 
 ELEMENT RESULTS FOR ZONE = P51PLANE_F  CASE COMBINATION  NUMBER =  1
 
 ELEMENT GROUP =  51  (BEAM)  RESULTS ARE MEASURED IN ELEMENT STRESS SYSTEM
 
    EL    NGLOB NLOC       FORCE-R      FORCE-S      FORCE-T     MOMENT-R     MOMENT-S     MOMENT-T
 
   145     408    1    5.69919E+06  2.21794E+04  4.60085E+04  2.98718E+02  3.08257E+05  1.48602E+05
   145       2    2    5.69919E+06  2.21794E+04  4.60085E+04  2.98718E+02  0.00000E+00  0.00000E+00
   350     565    1    5.43194E+06  2.31225E+04  3.61491E+04  4.94972E+02  2.42199E+05  1.54920E+05
   350      13    2    5.43194E+06  2.31225E+04  3.61491E+04  4.94972E+02  0.00000E+00  0.00000E+00
  4122     412    1    5.75262E+06  9.86057E+04  7.92046E+04  7.95067E+03  3.15609E+05  3.98905E+05
  4122    1699    2    5.75262E+06  9.86057E+04  7.92046E+04  7.95067E+03  2.70965E+05  3.29881E+05
  4123    1699    1    5.72483E+06  9.77017E+04  7.80010E+04  7.48430E+02  2.68085E+05  3.21831E+05
  4123     408    2    5.72483E+06  9.77017E+04  7.80010E+04  7.48430E+02  3.83095E+05  3.91824E+05
  4127     569    1    5.46437E+06  1.02382E+05  6.09506E+04  8.15818E+03  2.63413E+05  4.19541E+05
  4127    1711    2    5.46437E+06  1.02382E+05  6.09506E+04  8.15818E+03  2.24799E+05  3.48031E+05
  4128    1711    1    5.44116E+06  1.03022E+05  6.30241E+04  5.72035E+02  2.19922E+05  3.38764E+05
  4128     565    2    5.44116E+06  1.03022E+05  6.30241E+04  5.72035E+02  2.93564E+05  4.14228E+05
 
 ELEMENT RESULTS FOR ZONE = P52PLANE_F  CASE COMBINATION  NUMBER =  1
 
 ELEMENT GROUP =  52  (BEAM)  RESULTS ARE MEASURED IN ELEMENT STRESS SYSTEM
 
    EL    NGLOB NLOC       FORCE-R      FORCE-S      FORCE-T     MOMENT-R     MOMENT-S     MOMENT-T
 
  3388     520    1    3.77333E+05  6.60105E+04  4.38129E+04  4.80009E+01  9.71507E+04  1.36952E+05
  3388     498    2    3.77333E+05  6.60105E+04  4.38129E+04  4.80009E+01  1.11871E+05  1.27096E+05
 
 ELEMENT RESULTS FOR ZONE = P53PLANE_F  CASE COMBINATION  NUMBER =  1
 
 ELEMENT GROUP =  53  (TRUSS)  RESULTS ARE MEASURED IN ELEMENT STRESS SYSTEM
 
    EL  POINT                 FORCE-R    STRESS-RR
 
   567     1              8.87987E+05  7.70220E+07
   569     1              8.06128E+05  6.99218E+07
   579     1              1.02638E+06  8.90258E+07
   580     1              1.13682E+06  9.86049E+07
   585     1              1.02595E+06  8.89888E+07
   587     1              8.61792E+05  7.47499E+07
   593     1              1.18441E+06  1.02733E+08
   595     1              7.91304E+05  6.86360E+07
  2948     1              1.24405E+06  1.07906E+08
  2949     1              1.58000E+06  1.37046E+08
  3194     1              6.91826E+05  6.00074E+07
  3195     1              6.18519E+05  5.36490E+07
 
 ELEMENT RESULTS FOR ZONE = P57PLANE_F  CASE COMBINATION  NUMBER =  1
 
 ELEMENT GROUP =  57  (BEAM)  RESULTS ARE MEASURED IN ELEMENT STRESS SYSTEM
 
    EL    NGLOB NLOC       FORCE-R      FORCE-S      FORCE-T     MOMENT-R     MOMENT-S     MOMENT-T
 
     7     369    1    2.53891E+06  1.45734E+04  3.17830E+04  1.17033E+02  1.79538E+05  8.11183E+04
     7     365    2    2.53891E+06  1.45734E+04  3.17830E+04  1.17033E+02  1.42675E+05  4.53147E+04
    10     373    1    3.54618E+06  7.58501E+03  6.61459E+04  1.15242E+02  3.94155E+05  4.89185E+04
    10     369    2    3.54618E+06  7.58501E+03  6.61459E+04  1.15242E+02  2.35492E+05  2.38568E+04
   364     636    1    2.13640E+06  1.54928E+04  2.69179E+04  3.55766E+01  1.21605E+05  8.68854E+04
   364     632    2    2.13640E+06  1.54928E+04  2.69179E+04  3.55766E+01  1.13864E+05  4.92892E+04
   367     640    1    2.34555E+06  4.57933E+03  7.83690E+04  6.35766E+01  4.16711E+05  3.62174E+04
   367     636    2    2.34555E+06  4.57933E+03  7.83690E+04  6.35766E+01  2.80495E+05  2.35439E+04
 
 ELEMENT RESULTS FOR ZONE = P67PLANE_F  CASE COMBINATION  NUMBER =  1
 
 ELEMENT GROUP =  67  (BEAM)  RESULTS ARE MEASURED IN ELEMENT STRESS SYSTEM
 
    EL    NGLOB NLOC       FORCE-R      FORCE-S      FORCE-T     MOMENT-R     MOMENT-S     MOMENT-T
 
  1014     353    1    1.17060E+05  4.15111E+03  3.50851E+04  4.61935E+03  9.63651E+04  4.33885E+03
  1014     797    2    1.17060E+05  4.15111E+03  3.50851E+04  4.61935E+03  6.43702E+04  1.38652E+04
  1015     797    1    1.19773E+05  7.50444E+03  3.65203E+04  4.61470E+03  6.44069E+04  1.39381E+04
  1015     408    2    1.19773E+05  7.50444E+03  3.65203E+04  4.61470E+03  1.06201E+05  1.61381E+04
  1016     565    1    1.08579E+05  3.27846E+03  2.82756E+04  1.90058E+03  8.29625E+04  7.32320E+03
  1016     798    2    1.08579E+05  3.27846E+03  2.82756E+04  1.90058E+03  6.09779E+04  5.79063E+03
  1017     798    1    1.11757E+05  1.70196E+03  3.47961E+04  1.90231E+03  6.09795E+04  5.72399E+03
  1017     620    2    1.11757E+05  1.70196E+03  3.47961E+04  1.90231E+03  8.03410E+04  2.61825E+03
 
 ELEMENT RESULTS FOR ZONE = P81PLANE_F  CASE COMBINATION  NUMBER =  1
 
 ELEMENT GROUP =  81  (BEAM)  RESULTS ARE MEASURED IN ELEMENT STRESS SYSTEM
 
    EL    NGLOB NLOC       FORCE-R      FORCE-S      FORCE-T     MOMENT-R     MOMENT-S     MOMENT-T
 
   834     377    1    3.96397E+05  4.93936E+03  5.39402E+04  6.03132E+02  2.21613E+05  1.74747E+04
   834     745    2    3.96397E+05  4.93936E+03  5.39402E+04  6.03132E+02  3.40609E+04  4.95551E+03
   835     745    1    4.91014E+05  2.83764E+03  5.49867E+04  5.87385E+02  3.40860E+04  5.21830E+03
   835     432    2    4.91014E+05  2.83764E+03  5.49867E+04  5.87385E+02  2.14036E+05  1.32408E+04
   840     589    1    4.48598E+05  2.67393E+03  4.75595E+04  4.39197E+02  1.93453E+05  1.45688E+04
   840     748    2    4.48598E+05  2.67393E+03  4.75595E+04  4.39197E+02  3.28142E+04  5.06504E+03
   841     748    1    4.94826E+05  4.77395E+03  5.00248E+04  4.47357E+02  3.28149E+04  4.95173E+03
   841     644    2    4.94826E+05  4.77395E+03  5.00248E+04  4.47357E+02  1.91850E+05  1.53458E+04
   936     581    1    1.94368E+05  7.33848E+03  6.38042E+04  6.23046E+01  2.71084E+05  2.21118E+04
   936     767    2    1.94368E+05  7.33848E+03  6.38042E+04  6.23046E+01  2.56882E+04  7.26179E+03
   937     767    1    1.96123E+05  1.83696E+03  6.81958E+04  6.50043E+01  2.56640E+04  7.24922E+03
   937     636    2    1.96123E+05  1.83696E+03  6.81958E+04  6.50043E+01  2.56453E+05  5.80960E+03
 
 ELEMENT RESULTS FOR ZONE = P173PLANE_F  CASE COMBINATION  NUMBER =  1
 
 ELEMENT GROUP = 173  (TRUSS)  RESULTS ARE MEASURED IN ELEMENT STRESS SYSTEM
 
    EL  POINT                 FORCE-R    STRESS-RR
 
   572     1              7.04301E+05  9.44104E+07
   574     1              4.82410E+05  6.46662E+07
   589     1              6.62225E+05  8.87701E+07
   591     1              5.41062E+05  7.25285E+07
  3174     1              4.83319E+05  6.47881E+07
  3175     1              3.85407E+05  5.16632E+07
 
 ELEMENT RESULTS FOR ZONE = P174PLANE_F  CASE COMBINATION  NUMBER =  1
 
 ELEMENT GROUP = 174  (TRUSS)  RESULTS ARE MEASURED IN ELEMENT STRESS SYSTEM
 
    EL  POINT                 FORCE-R    STRESS-RR
 
   573     1              1.01453E+06  5.90997E+07
   575     1              1.00535E+06  5.85649E+07
   577     1              1.66793E+06  9.71622E+07
   584     1              1.53516E+06  8.94280E+07
   590     1              9.03833E+05  5.26513E+07
   592     1              7.68819E+05  4.47863E+07
  2947     1              9.47967E+05  5.52222E+07
  2950     1              1.38655E+06  8.07713E+07
  3172     1              6.47743E+05  3.77332E+07
  3173     1              6.44613E+05  3.75509E+07
 
 ELEMENT RESULTS FOR ZONE = P184PLANE_F  CASE COMBINATION  NUMBER =  1
 
 ELEMENT GROUP = 184  (BEAM)  RESULTS ARE MEASURED IN ELEMENT STRESS SYSTEM
 
    EL    NGLOB NLOC       FORCE-R      FORCE-S      FORCE-T     MOMENT-R     MOMENT-S     MOMENT-T
 
  4116    1895    1    1.67281E+06  4.59297E+04  3.59667E+04  1.27762E+02  1.22968E+05  7.21587E+04
  4116     357    2    1.67281E+06  4.59297E+04  3.59667E+04  1.27762E+02  3.08487E+04  9.31881E+04
  4117     357    1    9.91296E+05  2.23227E+04  1.88162E+04  1.00613E+03  1.22015E+05  6.00770E+04
  4117    1693    2    9.91296E+05  2.23227E+04  1.88162E+04  1.00613E+03  1.23371E+05  4.82347E+04
  4118    1693    1    9.83701E+05  3.73082E+04  1.94140E+04  1.70480E+02  5.09617E+04  1.23232E+05
  4118     353    2    9.83701E+05  3.73082E+04  1.94140E+04  1.70480E+02  9.61664E+04  1.49117E+05
  4131    1904    1    1.48194E+06  3.86110E+04  3.06602E+04  1.56804E+02  9.49530E+04  5.91498E+04
  4131     624    2    1.48194E+06  3.86110E+04  3.06602E+04  1.56804E+02  3.19189E+04  8.01818E+04
  4132     624    1    7.86275E+05  2.09284E+04  2.74662E+04  1.14311E+03  1.17835E+05  4.84318E+04
  4132    1705    2    7.86275E+05  2.09284E+04  2.74662E+04  1.14311E+03  1.12791E+05  3.79957E+04
  4133    1705    1    7.78784E+05  3.41716E+04  1.67187E+04  1.26939E+02  4.29918E+04  1.12155E+05
  4133     620    2    7.78784E+05  3.41716E+04  1.67187E+04  1.26939E+02  8.24372E+04  1.37447E+05
 
 ELEMENT RESULTS FOR ZONE = P186PLANE_F  CASE COMBINATION  NUMBER =  1
 
 ELEMENT GROUP = 186  (BEAM)  RESULTS ARE MEASURED IN ELEMENT STRESS SYSTEM
 
    EL    NGLOB NLOC       FORCE-R      FORCE-S      FORCE-T     MOMENT-R     MOMENT-S     MOMENT-T
 
     4     365    1    1.80408E+06  2.43206E+04  4.02206E+04  2.16916E+02  1.64724E+05  7.37031E+04
     4     361    2    1.80408E+06  2.43206E+04  4.02206E+04  2.16916E+02  1.72540E+05  1.13615E+05
   361     632    1    1.71533E+06  2.79508E+04  4.05626E+04  4.52844E+01  1.44748E+05  8.77285E+04
   361     628    2    1.71533E+06  2.79508E+04  4.05626E+04  4.52844E+01  1.71444E+05  1.27595E+05
  4114     361    1    1.67545E+06  3.39098E+04  3.53870E+04  6.02709E+02  1.18707E+05  9.39418E+04
  4114    1668    2    1.67545E+06  3.39098E+04  3.53870E+04  6.02709E+02  1.27973E+05  7.76500E+04
  4115    1668    1    1.67554E+06  1.22119E+04  1.89300E+04  9.43091E+01  1.23779E+05  7.90087E+04
  4115    1895    2    1.67554E+06  1.22119E+04  1.89300E+04  9.43091E+01  1.22600E+05  6.97730E+04
  4129     628    1    1.48728E+06  4.22227E+04  3.05861E+04  3.39985E+02  1.30507E+05  1.33696E+05
  4129    1681    2    1.48728E+06  4.22227E+04  3.05861E+04  3.39985E+02  9.95076E+04  7.28717E+04
  4130    1681    1    1.48693E+06  1.61665E+04  1.49433E+04  7.69864E+01  1.01979E+05  7.47687E+04
  4130    1904    2    1.48693E+06  1.61665E+04  1.49433E+04  7.69864E+01  1.01344E+05  5.70633E+04
 
 ELEMENT RESULTS FOR ZONE = P197PLANE_F  CASE COMBINATION  NUMBER =  1
 
 ELEMENT GROUP = 197  (BEAM)  RESULTS ARE MEASURED IN ELEMENT STRESS SYSTEM
 
    EL    NGLOB NLOC       FORCE-R      FORCE-S      FORCE-T     MOMENT-R     MOMENT-S     MOMENT-T
 
  3258     475    1    1.10658E+05  4.87562E+03  2.66445E+04  2.01614E+00  1.22502E+05  2.11360E+04
  3258     511    2    1.10658E+05  4.87562E+03  2.66445E+04  2.01614E+00  1.17315E+05  2.28909E+04
  3259     511    1    1.32581E+05  4.64378E+03  3.02622E+04  1.59275E+00  1.34148E+05  2.14401E+04
  3259     547    2    1.32581E+05  4.64378E+03  3.02622E+04  1.59275E+00  1.38212E+05  2.06196E+04
 
 ELEMENT RESULTS FOR ZONE = P198PLANE_F  CASE COMBINATION  NUMBER =  1
 
 ELEMENT GROUP = 198  (BEAM)  RESULTS ARE MEASURED IN ELEMENT STRESS SYSTEM
 
    EL    NGLOB NLOC       FORCE-R      FORCE-S      FORCE-T     MOMENT-R     MOMENT-S     MOMENT-T
 
  3449     462    1    2.36401E+05  1.23189E+03  1.97592E+04  7.15798E+00  9.32388E+04  6.24375E+03
  3449     498    2    2.36401E+05  1.23189E+03  1.97592E+04  7.15798E+00  8.45941E+04  4.84814E+03
  3450     498    1    2.29835E+05  1.30757E+03  2.41959E+04  9.76809E+00  1.05654E+05  5.07443E+03
  3450     534    2    2.29835E+05  1.30757E+03  2.41959E+04  9.76809E+00  1.12109E+05  6.74372E+03
 
 ELEMENT RESULTS FOR ZONE = P205PLANE_F  CASE COMBINATION  NUMBER =  1
 
 ELEMENT GROUP = 205  (BEAM)  RESULTS ARE MEASURED IN ELEMENT STRESS SYSTEM
 
    EL    NGLOB NLOC       FORCE-R      FORCE-S      FORCE-T     MOMENT-R     MOMENT-S     MOMENT-T
 
  3550     460    1    1.58647E+06  1.85219E+04  1.55272E+04  1.70831E+01  1.29494E+05  1.01929E+05
  3550     496    2    1.58647E+06  1.85219E+04  1.55272E+04  1.70831E+01  4.67481E+04  6.49288E+04
  3551     496    1    1.00078E+06  2.12768E+04  1.52929E+04  2.06027E+01  6.66666E+04  7.17159E+04
  3551     532    2    1.00078E+06  2.12768E+04  1.52929E+04  2.06027E+01  1.17088E+05  1.20213E+05
 
 ELEMENT RESULTS FOR ZONE = P211PLANE_F  CASE COMBINATION  NUMBER =  1
 
 ELEMENT GROUP = 211  (BEAM)  RESULTS ARE MEASURED IN ELEMENT STRESS SYSTEM
 
    EL    NGLOB NLOC       FORCE-R      FORCE-S      FORCE-T     MOMENT-R     MOMENT-S     MOMENT-T
 
   157     452    1    2.17103E+06  1.24288E+04  1.57660E+04  6.40252E+01  1.32376E+05  6.73793E+04
   157     482    2    2.17103E+06  1.24288E+04  1.57660E+04  6.40252E+01  2.49951E+04  5.56659E+04
   248     524    1    1.75934E+06  1.13698E+04  1.65700E+04  7.43336E+01  1.34598E+05  6.31675E+04
   248     554    2    1.75934E+06  1.13698E+04  1.65700E+04  7.43336E+01  3.19971E+04  4.93933E+04
  3375     482    1    2.57872E+06  4.50484E+03  2.04318E+04  2.45046E+02  1.21644E+05  2.75073E+04
  3375     478    2    2.57872E+06  4.50484E+03  2.04318E+04  2.45046E+02  6.31484E+04  1.41635E+04
  3376     478    1    1.56534E+06  6.31229E+04  1.51227E+04  1.89371E+03  3.07043E+04  1.55454E+05
  3376     487    2    1.56534E+06  6.31229E+04  1.51227E+04  1.89371E+03  5.22751E+04  1.60160E+05
  3377     487    1    1.57908E+06  4.98403E+04  1.53206E+04  2.03770E+03  5.17588E+04  1.06097E+05
  3377     475    2    1.57908E+06  4.98403E+04  1.53206E+04  2.03770E+03  3.27881E+04  9.50961E+04
  3378     475    1    1.03604E+06  5.70569E+04  2.14662E+04  1.84008E+03  6.29796E+04  1.03223E+05
  3378     486    2    1.03604E+06  5.70569E+04  2.14662E+04  1.84008E+03  3.99973E+04  1.30785E+05
  3389     554    1    1.81357E+06  4.19169E+03  1.61015E+04  1.73525E+02  1.01134E+05  2.41440E+04
  3389     550    2    1.81357E+06  4.19169E+03  1.61015E+04  1.73525E+02  4.72786E+04  1.48141E+04
  3390     550    1    1.47360E+06  6.14606E+04  1.56500E+04  1.50016E+03  3.92657E+04  1.49211E+05
  3390     559    2    1.47360E+06  6.14606E+04  1.56500E+04  1.50016E+03  4.86753E+04  1.58092E+05
  3391     559    1    1.51990E+06  6.04323E+04  1.32009E+04  1.93265E+03  4.83144E+04  1.26329E+05
  3391     547    2    1.51990E+06  6.04323E+04  1.32009E+04  1.93265E+03  3.93847E+04  1.15521E+05
  3392     547    1    1.29407E+06  5.62289E+04  1.98451E+04  1.74598E+03  5.88233E+04  1.00707E+05
  3392     558    2    1.29407E+06  5.62289E+04  1.98451E+04  1.74598E+03  4.16734E+04  1.29863E+05
 
 ELEMENT RESULTS FOR ZONE = P212PLANE_F  CASE COMBINATION  NUMBER =  1
 
 ELEMENT GROUP = 212  (BEAM)  RESULTS ARE MEASURED IN ELEMENT STRESS SYSTEM
 
    EL    NGLOB NLOC       FORCE-R      FORCE-S      FORCE-T     MOMENT-R     MOMENT-S     MOMENT-T
 
  3548     428    1    1.51110E+06  3.63727E+04  3.16464E+04  6.28543E+02  2.36048E+05  4.98385E+04
  3548    1612    2    1.51110E+06  3.63727E+04  3.16464E+04  6.28543E+02  1.02107E+05  1.21860E+05
  3549    1612    1    1.51738E+06  6.37049E+04  3.31377E+04  8.81179E+02  1.02125E+05  1.21669E+05
  3549     460    2    1.51738E+06  6.37049E+04  3.31377E+04  8.81179E+02  1.40747E+05  9.55651E+04
  3552     532    1    9.61415E+05  7.51152E+04  4.40469E+04  7.87100E+02  1.20329E+05  1.13874E+05
  3552    1618    2    9.61415E+05  7.51152E+04  4.40469E+04  7.87100E+02  1.17642E+05  1.42799E+05
  3553    1618    1    9.61742E+05  4.13939E+04  4.52489E+04  6.32654E+02  1.17574E+05  1.43334E+05
  3553     585    2    9.61742E+05  4.13939E+04  4.52489E+04  6.32654E+02  3.24612E+05  5.13574E+04
 
 ELEMENT RESULTS FOR ZONE = P213PLANE_F  CASE COMBINATION  NUMBER =  1
 
 ELEMENT GROUP = 213  (BEAM)  RESULTS ARE MEASURED IN ELEMENT STRESS SYSTEM
 
    EL    NGLOB NLOC       FORCE-R      FORCE-S      FORCE-T     MOMENT-R     MOMENT-S     MOMENT-T
 
  3950     485    1    3.34899E+04  2.57115E+04  3.78046E+04  2.22432E+01  1.91265E+05  2.02852E+03
  3950    1862    2    3.34899E+04  2.57115E+04  3.78046E+04  2.22432E+01  1.53925E+05  2.36905E+04
  3951    1862    1    2.66386E+04  1.79191E+04  3.78194E+04  1.52547E+01  1.53935E+05  2.39803E+04
  3951    1863    2    2.66386E+04  1.79191E+04  3.78194E+04  1.52547E+01  7.38251E+04  4.70474E+04
  3952    1863    1    1.82987E+04  9.18470E+03  3.79481E+04  5.04117E+00  7.38271E+04  4.70934E+04
  3952    1864    2    1.82987E+04  9.18470E+03  3.79481E+04  5.04117E+00  2.14979E+04  3.30821E+04
  3953    1864    1    1.53209E+04  2.75210E+04  3.84922E+04  1.59446E+01  2.15037E+04  3.30226E+04
  3953    1865    2    1.53209E+04  2.75210E+04  3.84922E+04  1.59446E+01  1.01707E+05  2.97806E+04
  3954    1865    1    1.89871E+04  3.39493E+04  3.84639E+04  2.16305E+01  1.01722E+05  3.00483E+04
  3954     520    2    1.89871E+04  3.39493E+04  3.84639E+04  2.16305E+01  1.49690E+05  7.08675E+04
  3955     520    1    1.25934E+04  3.33453E+04  5.48930E+04  2.72100E+01  2.05020E+05  7.08575E+04
  3955    1866    2    1.25934E+04  3.33453E+04  5.48930E+04  2.72100E+01  1.36404E+05  3.08350E+04
  3956    1866    1    1.19767E+04  2.72490E+04  5.23026E+04  1.88010E+01  1.36348E+05  3.05832E+04
  3956    1867    2    1.19767E+04  2.72490E+04  5.23026E+04  1.88010E+01  2.93024E+04  3.13281E+04
  3957    1867    1    2.05487E+04  8.60931E+03  4.89631E+04  4.99128E+00  2.92987E+04  3.13955E+04
  3957    1868    2    2.05487E+04  8.60931E+03  4.89631E+04  4.99128E+00  9.15123E+04  4.88249E+04
  3958    1868    1    3.01464E+04  2.02786E+04  4.83079E+04  1.95592E+01  9.15099E+04  4.87658E+04
  3958    1869    2    3.01464E+04  2.02786E+04  4.83079E+04  1.95592E+01  1.94148E+05  2.75733E+04
  3959    1869    1    3.69195E+04  2.88022E+04  4.90736E+04  2.59673E+01  1.94081E+05  2.74321E+04
  3959     557    2    3.69195E+04  2.88022E+04  4.90736E+04  2.59673E+01  2.39171E+05  1.77661E+03
  3990     487    1    2.09187E+04  2.31416E+04  4.59610E+04  2.98412E+01  2.34797E+05  3.70530E+03
  3990    1798    2    2.09187E+04  2.31416E+04  4.59610E+04  2.98412E+01  1.89316E+05  1.94363E+04
  3991    1798    1    1.54141E+04  1.65354E+04  4.65759E+04  2.29924E+01  1.89323E+05  1.98188E+04
  3991    1799    2    1.54141E+04  1.65354E+04  4.65759E+04  2.29924E+01  8.56871E+04  5.70234E+04
  3992    1799    1    1.13694E+04  9.23290E+03  4.78270E+04  2.30150E+00  8.56857E+04  5.70815E+04
  3992    1800    2    1.13694E+04  9.23290E+03  4.78270E+04  2.30150E+00  2.44946E+04  3.85168E+04
  3993    1800    1    1.21175E+04  3.19252E+04  4.93354E+04  2.16346E+01  2.44989E+04  3.84210E+04
  3993    1801    2    1.21175E+04  3.19252E+04  4.93354E+04  2.16346E+01  1.33119E+05  3.40039E+04
  3994    1801    1    1.89834E+04  4.02886E+04  5.05948E+04  2.94066E+01  1.33118E+05  3.42835E+04
  3994     522    2    1.89834E+04  4.02886E+04  5.05948E+04  2.94066E+01  1.96130E+05  8.39254E+04
  3995     522    1    1.34706E+04  4.05137E+04  5.55491E+04  2.59887E+01  2.17057E+05  8.39554E+04
  3995    1802    2    1.34706E+04  4.05137E+04  5.55491E+04  2.59887E+01  1.47673E+05  3.33623E+04
  3996    1802    1    1.12986E+04  3.17268E+04  5.38713E+04  2.06231E+01  1.47653E+05  3.30437E+04
  3996    1803    2    1.12986E+04  3.17268E+04  5.38713E+04  2.06231E+01  3.09995E+04  3.83415E+04
  3997    1803    1    1.61145E+04  8.13801E+03  5.16475E+04  2.44310E+00  3.10054E+04  3.84316E+04
  3997    1804    2    1.61145E+04  8.13801E+03  5.16475E+04  2.44310E+00  8.97758E+04  5.51939E+04
  3998    1804    1    2.44899E+04  1.58221E+04  4.95602E+04  2.01496E+01  8.97794E+04  5.50992E+04
  3998    1805    2    2.44899E+04  1.58221E+04  4.95602E+04  2.01496E+01  2.00406E+05  1.95210E+04
  3999    1805    1    2.93043E+04  2.23396E+04  4.87812E+04  2.59020E+01  2.00373E+05  1.91788E+04
  3999     559    2    2.93043E+04  2.23396E+04  4.87812E+04  2.59020E+01  2.48354E+05  3.18300E+03
  4034     486    1    2.94198E+04  2.38669E+04  3.61444E+04  2.54065E+01  1.81291E+05  3.08434E+03
  4034    1830    2    2.94198E+04  2.38669E+04  3.61444E+04  2.54065E+01  1.47186E+05  2.07826E+04
  4035    1830    1    2.28261E+04  1.34189E+04  3.62191E+04  1.92192E+01  1.47208E+05  2.11281E+04
  4035    1831    2    2.28261E+04  1.34189E+04  3.62191E+04  1.92192E+01  6.90730E+04  5.12067E+04
  4036    1831    1    1.43607E+04  7.88670E+03  3.68909E+04  3.83084E+00  6.90757E+04  5.12590E+04
  4036    1832    2    1.43607E+04  7.88670E+03  3.68909E+04  3.83084E+00  2.14248E+04  3.48540E+04
  4037    1832    1    1.29332E+04  2.88309E+04  3.90436E+04  1.86581E+01  2.14268E+04  3.47765E+04
  4037    1833    2    1.29332E+04  2.88309E+04  3.90436E+04  1.86581E+01  1.01871E+05  3.02151E+04
  4038    1833    1    1.76078E+04  3.93070E+04  4.07127E+04  2.67065E+01  1.01886E+05  3.04955E+04
  4038     521    2    1.76078E+04  3.93070E+04  4.07127E+04  2.67065E+01  1.52734E+05  7.96292E+04
  4039     521    1    1.21956E+04  3.99394E+04  5.10679E+04  2.58097E+01  1.98868E+05  7.95699E+04
  4039    1834    2    1.21956E+04  3.99394E+04  5.10679E+04  2.58097E+01  1.35274E+05  3.00192E+04
  4040    1834    1    1.22352E+04  2.86514E+04  4.87866E+04  1.72939E+01  1.35241E+05  2.97379E+04
  4040    1835    2    1.22352E+04  2.86514E+04  4.87866E+04  1.72939E+01  3.20869E+04  3.50061E+04
  4041    1835    1    1.91319E+04  7.22829E+03  4.62349E+04  3.03967E+00  3.20901E+04  3.50617E+04
  4041    1836    2    1.91319E+04  7.22829E+03  4.62349E+04  3.03967E+00  7.85191E+04  4.96737E+04
  4042    1836    1    3.03509E+04  1.29092E+04  4.43787E+04  2.00982E+01  7.85223E+04  4.95979E+04
  4042    1837    2    3.03509E+04  1.29092E+04  4.43787E+04  2.00982E+01  1.76397E+05  2.05948E+04
  4043    1837    1    3.75211E+04  2.32334E+04  4.51640E+04  2.69567E+01  1.76353E+05  2.02840E+04
  4043     558    2    3.75211E+04  2.32334E+04  4.51640E+04  2.69567E+01  2.18582E+05  2.97339E+03

 
 DIRECT INTEGRATION
 
 ELEMENT RESULTS FOR ZONE = P7PLANE_C  CASE COMBINATION  NUMBER =  1
 
 ELEMENT GROUP =  7  (BEAM)  RESULTS ARE MEASURED IN ELEMENT STRESS SYSTEM
 
    EL    NGLOB NLOC       FORCE-R      FORCE-S      FORCE-T     MOMENT-R     MOMENT-S     MOMENT-T
 
  1666     857    1    1.80035E+05  1.42515E+03  1.94289E+04  2.40918E+01  7.85182E+04  2.99361E+03
  1666    1135    2    1.80035E+05  1.42515E+03  1.94289E+04  2.40918E+01  1.37847E+04  3.10026E+03
  1667    1135    1    1.81478E+05  1.39332E+03  1.78564E+04  2.34141E+01  1.37534E+04  3.11989E+03
  1667     905    2    1.81478E+05  1.39332E+03  1.78564E+04  2.34141E+01  6.38236E+04  2.59771E+03
  1668     905    1    1.57973E+05  1.04254E+03  1.28173E+04  2.41446E+01  5.81566E+04  2.92116E+03
  1668    1136    2    1.57973E+05  1.04254E+03  1.28173E+04  2.41446E+01  1.16915E+04  1.76078E+03
  1669    1136    1    1.57926E+05  1.83941E+03  1.25853E+04  2.40968E+01  1.16858E+04  1.66668E+03
  1669     939    2    1.57926E+05  1.83941E+03  1.25853E+04  2.40968E+01  3.98970E+04  6.28333E+03
  1670    1012    1    1.28910E+05  2.16881E+03  1.14735E+04  2.22719E+01  3.63175E+04  7.50486E+03
  1670    1137    2    1.28910E+05  2.16881E+03  1.14735E+04  2.22719E+01  9.78786E+03  1.67731E+03
  1671    1137    1    1.27175E+05  1.17231E+03  1.23870E+04  2.20989E+01  9.78089E+03  1.69155E+03
  1671    1070    2    1.27175E+05  1.17231E+03  1.23870E+04  2.20989E+01  5.44389E+04  3.15678E+03
  1672    1070    1    1.67366E+05  6.90857E+02  1.72093E+04  2.09924E+01  6.38037E+04  1.83484E+03
  1672    1138    2    1.67366E+05  6.90857E+02  1.72093E+04  2.09924E+01  1.04398E+04  9.99020E+02
  1673    1138    1    1.67318E+05  5.78186E+02  1.76093E+04  2.08729E+01  1.04353E+04  9.20318E+02
  1673    1118    2    1.67318E+05  5.78186E+02  1.76093E+04  2.08729E+01  6.95936E+04  1.73656E+03
  1812     901    1    7.00896E+05  9.71527E+03  1.79753E+04  1.07300E+02  7.49561E+04  2.15865E+04
  1812    1170    2    7.00896E+05  9.71527E+03  1.79753E+04  1.07300E+02  8.11674E+03  1.80821E+04
  1813    1170    1    7.05575E+05  7.96741E+03  1.68878E+04  1.05722E+02  8.09865E+03  1.78147E+04
  1813     935    2    7.05575E+05  7.96741E+03  1.68878E+04  1.05722E+02  6.06262E+04  1.62920E+04
  1814    1008    1    6.08308E+05  8.55926E+03  1.64157E+04  9.19779E+01  6.22851E+04  1.70988E+04
  1814    1171    2    6.08308E+05  8.55926E+03  1.64157E+04  9.19779E+01  6.08758E+03  1.75309E+04
  1815    1171    1    6.04905E+05  8.61653E+03  1.68173E+04  9.31874E+01  6.08697E+03  1.79595E+04
  1815    1066    2    6.04905E+05  8.61653E+03  1.68173E+04  9.31874E+01  7.03452E+04  1.82257E+04
  1905     830    1    6.13748E+05  3.86074E+03  1.29232E+04  3.73760E+01  4.55277E+04  5.56277E+03
  1905    1214    2    6.13748E+05  3.86074E+03  1.29232E+04  3.73760E+01  1.52742E+04  1.02793E+04
  1906    1214    1    6.13618E+05  5.78458E+03  1.08546E+04  3.84224E+01  1.52681E+04  1.03120E+04
  1906     885    2    6.13618E+05  5.78458E+03  1.08546E+04  3.84224E+01  4.22362E+04  1.28407E+04
  1907    1043    1    6.58184E+05  3.05963E+03  1.15240E+04  4.61263E+01  3.85193E+04  7.75957E+03
  1907    1215    2    6.58184E+05  3.05963E+03  1.15240E+04  4.61263E+01  2.20290E+04  4.55080E+03
  1908    1215    1    6.58315E+05  1.29644E+03  1.72053E+04  4.60569E+01  2.20272E+04  4.49514E+03
  1908    1098    2    6.58315E+05  1.29644E+03  1.72053E+04  4.60569E+01  5.31333E+04  2.30274E+03
  1939     826    1    1.87507E+05  1.41881E+03  2.56090E+04  8.24116E+01  7.92786E+04  4.55503E+03
  1939    1224    2    1.87507E+05  1.41881E+03  2.56090E+04  8.24116E+01  2.45029E+04  5.02120E+03
  1964    1224    1    1.89993E+05  3.65110E+03  2.17141E+04  8.33030E+01  2.45032E+04  5.05808E+03
  1964     881    2    1.89993E+05  3.65110E+03  2.17141E+04  8.33030E+01  7.82444E+04  9.68248E+03
  1965    1039    1    1.84227E+05  1.32784E+03  1.42572E+04  4.11370E+01  5.54612E+04  4.41150E+03
  1965    1225    2    1.84227E+05  1.32784E+03  1.42572E+04  4.11370E+01  1.60490E+04  1.75993E+03
  1966    1225    1    1.82701E+05  1.08718E+03  1.54793E+04  4.11359E+01  1.60271E+04  1.73883E+03
  1966    1094    2    1.82701E+05  1.08718E+03  1.54793E+04  4.11359E+01  5.52880E+04  3.05338E+03
  1983     818    1    1.43343E+05  4.39597E+03  2.07904E+04  6.24070E+01  5.94100E+04  1.29120E+04
  1983    1235    2    1.43343E+05  4.39597E+03  2.07904E+04  6.24070E+01  2.38598E+04  8.47389E+03
  1984    1235    1    1.39622E+05  5.88619E+03  1.35677E+04  5.78521E+01  2.38754E+04  8.46378E+03
  1984     873    2    1.39622E+05  5.88619E+03  1.35677E+04  5.78521E+01  4.47981E+04  1.50810E+04
  1985    1031    1    1.12894E+05  4.39549E+03  9.83049E+03  5.81534E+01  3.74225E+04  1.20121E+04
  1985    1236    2    1.12894E+05  4.39549E+03  9.83049E+03  5.81534E+01  1.16313E+04  5.62466E+03
  1986    1236    1    1.13283E+05  1.13649E+03  1.31254E+04  5.19771E+01  1.16168E+04  5.62488E+03
  1986    1086    2    1.13283E+05  1.13649E+03  1.31254E+04  5.19771E+01  4.32202E+04  2.99602E+03
  2009     814    1    1.60414E+05  1.96598E+03  1.55395E+04  1.08875E+02  5.22921E+04  5.48441E+03
  2009    1245    2    1.60414E+05  1.96598E+03  1.55395E+04  1.08875E+02  1.78562E+04  7.71575E+03
  2010    1245    1    1.63274E+05  4.82607E+03  1.13355E+04  1.11134E+02  1.78942E+04  7.70892E+03
  2010     869    2    1.63274E+05  4.82607E+03  1.13355E+04  1.11134E+02  4.28568E+04  1.16170E+04
  2011    1027    1    9.92857E+04  1.74518E+03  9.00066E+03  8.19748E+01  3.63089E+04  4.76087E+03
  2011    1246    2    9.92857E+04  1.74518E+03  9.00066E+03  8.19748E+01  7.55609E+03  2.30859E+03
  2012    1246    1    9.70612E+04  4.80193E+02  8.90749E+03  8.10350E+01  7.52624E+03  2.30342E+03
  2012    1082    2    9.70612E+04  4.80193E+02  8.90749E+03  8.10350E+01  3.24725E+04  2.06236E+03
  2256     822    1    1.41238E+05  3.12166E+03  1.55995E+04  5.12865E+01  5.78793E+04  8.52805E+03
  2256    1315    2    1.41238E+05  3.12166E+03  1.55995E+04  5.12865E+01  1.21744E+04  4.61323E+03
  2257    1315    1    1.44073E+05  2.45729E+03  1.30487E+04  5.24976E+01  1.21800E+04  4.67408E+03
  2257     877    2    1.44073E+05  2.45729E+03  1.30487E+04  5.24976E+01  5.35446E+04  6.07258E+03
  2258    1035    1    1.47665E+05  2.15029E+03  1.20877E+04  5.82965E+01  4.17154E+04  5.30892E+03
  2258    1316    2    1.47665E+05  2.15029E+03  1.20877E+04  5.82965E+01  1.99521E+04  3.76192E+03
  2259    1316    1    1.43777E+05  1.95866E+03  1.62681E+04  5.64951E+01  1.99265E+04  3.76816E+03
  2259    1090    2    1.43777E+05  1.95866E+03  1.62681E+04  5.64951E+01  4.80646E+04  4.10634E+03
  2464     849    1    1.01515E+05  6.91610E+02  1.85419E+04  1.26966E+02  6.35474E+04  2.09622E+03
  2464    1370    2    1.01515E+05  6.91610E+02  1.85419E+04  1.26966E+02  2.79385E+04  7.77418E+02
  2465    1370    1    2.18102E+05  2.94917E+02  1.82458E+04  1.26770E+02  2.79457E+04  8.71529E+02
  2465     897    2    2.18102E+05  2.94917E+02  1.82458E+04  1.26770E+02  6.07351E+04  1.24727E+03
  2466     897    1    1.94282E+05  5.11499E+03  1.86095E+04  1.25185E+02  7.77990E+04  1.05582E+04
  2466    1371    2    1.94282E+05  5.11499E+03  1.86095E+04  1.25185E+02  6.92173E+03  9.91055E+03
  2467    1371    1    1.94763E+05  7.15553E+03  1.76390E+04  1.26589E+02  6.93828E+03  9.96970E+03
  2467     932    2    1.94763E+05  7.15553E+03  1.76390E+04  1.26589E+02  6.72266E+04  1.88006E+04
  2468    1005    1    1.87041E+05  7.45550E+03  1.35545E+04  1.07307E+02  5.07194E+04  2.00531E+04
  2468    1372    2    1.87041E+05  7.45550E+03  1.35545E+04  1.07307E+02  5.25439E+03  9.85910E+03
  2469    1372    1    1.86300E+05  4.29404E+03  1.39980E+04  1.06697E+02  5.23980E+03  9.85416E+03
  2469    1062    2    1.86300E+05  4.29404E+03  1.39980E+04  1.06697E+02  5.96147E+04  8.55592E+03
  2470    1062    1    1.81892E+05  3.14401E+02  1.91213E+04  1.12377E+02  6.78804E+04  9.91006E+02
  2470    1373    2    1.81892E+05  3.14401E+02  1.91213E+04  1.12377E+02  2.51903E+04  6.25435E+02
  2471    1373    1    1.39572E+05  4.59515E+02  1.85134E+04  1.12383E+02  2.51883E+04  4.45624E+02
  2471    1110    2    1.39572E+05  4.59515E+02  1.85134E+04  1.12383E+02  6.29357E+04  1.42506E+03
  2662     845    1    1.11662E+05  5.81567E+02  1.85596E+04  1.63272E+02  6.13129E+04  1.87482E+03
  2662    1432    2    1.11662E+05  5.81567E+02  1.85596E+04  1.63272E+02  3.14958E+04  7.26334E+02
  2663    1432    1    2.71622E+05  3.91315E+02  2.02755E+04  1.66303E+02  3.14986E+04  8.46357E+02
  2663     893    2    2.71622E+05  3.91315E+02  2.02755E+04  1.66303E+02  6.44471E+04  1.59389E+03
  2664     893    1    1.53461E+05  8.26132E+03  2.11934E+04  1.95402E+02  8.71662E+04  1.73266E+04
  2664    1433    2    1.53461E+05  8.26132E+03  2.11934E+04  1.95402E+02  6.25243E+03  1.57392E+04
  2665    1433    1    1.54722E+05  6.35180E+03  2.03711E+04  1.94910E+02  6.27290E+03  1.57470E+04
  2665     929    2    1.54722E+05  6.35180E+03  2.03711E+04  1.94910E+02  7.88421E+04  9.74169E+03
  2666    1002    1    1.52494E+05  3.90232E+03  1.50879E+04  2.03580E+02  5.62979E+04  6.90599E+03
  2666    1434    2    1.52494E+05  3.90232E+03  1.50879E+04  2.03580E+02  5.52218E+03  8.82055E+03
  2667    1434    1    1.53180E+05  5.10948E+03  1.42558E+04  2.03675E+02  5.49353E+03  8.94755E+03
  2667    1058    2    1.53180E+05  5.10948E+03  1.42558E+04  2.03675E+02  5.96116E+04  1.16507E+04
  2668    1058    1    2.15615E+05  5.35307E+02  1.79285E+04  1.53577E+02  6.27365E+04  1.70760E+03
  2668    1435    2    2.15615E+05  5.35307E+02  1.79285E+04  1.53577E+02  2.64607E+04  1.27134E+03
  2669    1435    1    1.62753E+05  6.84863E+02  1.83644E+04  1.53153E+02  2.64661E+04  1.10286E+03
  2669    1106    2    1.62753E+05  6.84863E+02  1.83644E+04  1.53153E+02  6.27086E+04  1.67967E+03
  3234     935    1    6.89485E+05  2.88610E+03  2.07212E+04  1.09806E+00  9.24648E+04  1.35596E+04
  3234     971    2    6.89485E+05  2.88610E+03  2.07212E+04  1.09806E+00  9.40258E+04  1.27257E+04
  3235     971    1    5.97121E+05  3.18006E+03  2.06218E+04  8.86219E-01  9.31054E+04  1.31731E+04
  3235    1008    2    5.97121E+05  3.18006E+03  2.06218E+04  8.86219E-01  9.24942E+04  1.56303E+04
  3278     929    1    9.15202E+04  1.18283E+03  2.59756E+04  1.42025E+00  1.18503E+05  5.65521E+03
  3278     965    2    9.15202E+04  1.18283E+03  2.59756E+04  1.42025E+00  1.16269E+05  5.03352E+03
  3279     965    1    1.01584E+05  1.03454E+03  2.23443E+04  1.79127E+00  9.77634E+04  4.67382E+03
  3279    1002    2    1.01584E+05  1.03454E+03  2.23443E+04  1.79127E+00  1.03405E+05  4.92064E+03
  3416     939    1    1.92110E+05  1.01990E+03  7.62811E+03  1.13892E+00  3.91831E+04  4.09903E+03
  3416     974    2    1.92110E+05  1.01990E+03  7.62811E+03  1.13892E+00  3.03822E+04  5.28244E+03
  3417     974    1    1.87508E+05  1.12134E+03  7.38950E+03  1.19664E+00  2.81546E+04  5.06182E+03
  3417    1012    2    1.87508E+05  1.12134E+03  7.38950E+03  1.19664E+00  3.83943E+04  5.03024E+03
 35747     889    1    5.71643E+05  5.30172E+03  1.83622E+04  1.75373E+02  7.29017E+04  1.22056E+04
 35747    1196    2    5.71643E+05  5.30172E+03  1.83622E+04  1.75373E+02  1.77078E+04  9.70093E+03
 35748    1196    1    5.71496E+05  3.05796E+03  1.45716E+04  1.83512E+02  1.77259E+04  9.18178E+03
 35748     919    2    5.71496E+05  3.05796E+03  1.45716E+04  1.83512E+02  4.59712E+04  3.28112E+03
 35751     992    1    6.30954E+05  3.44780E+03  1.07056E+04  1.64987E+02  3.84215E+04  4.26042E+03
 35751    1197    2    6.30954E+05  3.44780E+03  1.07056E+04  1.64987E+02  1.16622E+04  9.53077E+03
 35752    1197    1    6.31419E+05  5.42429E+03  1.00443E+04  1.59654E+02  1.16429E+04  1.00559E+04
 35752    1047    2    6.31419E+05  5.42429E+03  1.00443E+04  1.59654E+02  4.18211E+04  1.16676E+04
 
 ELEMENT RESULTS FOR ZONE = P9PLANE_C  CASE COMBINATION  NUMBER =  1
 
 ELEMENT GROUP =  9  (BEAM)  RESULTS ARE MEASURED IN ELEMENT STRESS SYSTEM
 
    EL    NGLOB NLOC       FORCE-R      FORCE-S      FORCE-T     MOMENT-R     MOMENT-S     MOMENT-T
 
  1810     853    1    1.79801E+05  1.97878E+02  1.39407E+04  9.77783E+00  2.86228E+04  5.90683E+02
  1810    1169    2    1.79801E+05  1.97878E+02  1.39407E+04  9.77783E+00  2.84546E+04  2.91812E+02
  1811    1169    1    4.03696E+05  1.66972E+02  1.45119E+04  9.57679E+00  2.84508E+04  3.28544E+02
  1811     901    2    4.03696E+05  1.66972E+02  1.45119E+04  9.57679E+00  2.95970E+04  6.15302E+02
  1816    1066    1    1.95496E+05  1.71728E+02  1.53291E+04  1.09710E+01  3.05137E+04  4.10282E+02
  1816    1172    2    1.95496E+05  1.71728E+02  1.53291E+04  1.09710E+01  3.13253E+04  5.22913E+02
  1817    1172    1    7.67060E+04  2.85478E+02  1.59689E+04  1.09793E+01  3.13308E+04  4.76577E+02
  1817    1114    2    7.67060E+04  2.85478E+02  1.59689E+04  1.09793E+01  3.25450E+04  7.05561E+02
 
 ELEMENT RESULTS FOR ZONE = P13PLANE_C  CASE COMBINATION  NUMBER =  1
 
 ELEMENT GROUP =  13  (TRUSS)  RESULTS ARE MEASURED IN ELEMENT STRESS SYSTEM
 
    EL  POINT                 FORCE-R    STRESS-RR
 
  1597     1              1.20622E+06  9.22962E+07
  1600     1              6.03585E+05  4.61845E+07
  1605     1              9.54681E+05  7.30493E+07
  1607     1              1.29464E+06  9.90621E+07
  1610     1              1.34385E+06  1.02827E+08
  1612     1              9.22359E+05  7.05761E+07
  1615     1              1.09669E+06  8.39158E+07
  1617     1              5.46613E+05  4.18252E+07
  1623     1              1.17670E+06  9.00373E+07
  1625     1              9.24589E+05  7.07467E+07
 
 ELEMENT RESULTS FOR ZONE = P17PLANE_C  CASE COMBINATION  NUMBER =  1
 
 ELEMENT GROUP =  17  (BEAM)  RESULTS ARE MEASURED IN ELEMENT STRESS SYSTEM
 
    EL    NGLOB NLOC       FORCE-R      FORCE-S      FORCE-T     MOMENT-R     MOMENT-S     MOMENT-T
 
  3360     965    1    4.44695E+05  5.13853E+04  4.19415E+04  4.84176E+01  1.14671E+05  1.12100E+05
  3360     977    2    4.44695E+05  5.13853E+04  4.19415E+04  4.84176E+01  9.51408E+04  1.44829E+05
  3540     955    1    3.57507E+05  7.42093E+03  1.29360E+04  2.60564E+01  6.86615E+04  3.22443E+04
  3540     953    2    3.57507E+05  7.42093E+03  1.29360E+04  2.60564E+01  6.46647E+04  4.42021E+04
 
 ELEMENT RESULTS FOR ZONE = P18PLANE_C  CASE COMBINATION  NUMBER =  1
 
 ELEMENT GROUP =  18  (BEAM)  RESULTS ARE MEASURED IN ELEMENT STRESS SYSTEM
 
    EL    NGLOB NLOC       FORCE-R      FORCE-S      FORCE-T     MOMENT-R     MOMENT-S     MOMENT-T
 
  1231     945    1    1.79678E+06  7.79208E+03  1.65189E+04  4.21516E+01  1.33404E+05  3.78306E+04
  1231     974    2    1.79678E+06  7.79208E+03  1.65189E+04  4.21516E+01  3.02314E+04  3.93382E+04
  3354     942    1    8.00692E+05  5.47040E+04  4.88489E+04  9.93527E+02  5.59440E+04  1.04804E+05
  3354     919    2    8.00692E+05  5.47040E+04  4.88489E+04  9.93527E+02  2.10873E+05  1.14235E+05
  3355     974    1    1.77957E+06  1.38969E+03  1.07084E+04  1.06165E+02  5.13276E+04  1.70527E+04
  3355     971    2    1.77957E+06  1.38969E+03  1.07084E+04  1.06165E+02  4.52471E+04  4.95726E+03
  3356     971    1    9.71556E+05  8.38910E+04  3.93421E+04  1.87301E+02  7.54572E+04  1.93850E+05
  3356     979    2    9.71556E+05  8.38910E+04  3.93421E+04  1.87301E+02  1.21253E+05  2.25605E+05
  3357     979    1    9.59435E+05  6.98951E+04  4.38232E+04  2.80052E+02  1.20745E+05  1.54632E+05
  3357     968    2    9.59435E+05  6.98951E+04  4.38232E+04  2.80052E+02  8.80856E+04  1.24948E+05
  3358     968    1    9.16780E+05  6.69185E+04  6.12533E+04  2.78370E+02  1.62157E+05  1.17372E+05
  3358     978    2    9.16780E+05  6.69185E+04  6.12533E+04  2.78370E+02  8.89812E+04  1.56994E+05
  3359     978    1    9.08098E+05  6.42923E+04  3.85105E+04  9.03176E+01  8.89711E+04  1.49863E+05
  3359     965    2    9.08098E+05  6.42923E+04  3.85105E+04  9.03176E+01  7.60123E+04  1.00877E+05
  3368    1015    1    9.86401E+05  4.17542E+04  3.73406E+04  9.81706E+02  5.08031E+04  8.13985E+04
  3368     992    2    9.86401E+05  4.17542E+04  3.73406E+04  9.81706E+02  1.54227E+05  8.57829E+04
 
 ELEMENT RESULTS FOR ZONE = P19PLANE_C  CASE COMBINATION  NUMBER =  1
 
 ELEMENT GROUP =  19  (BEAM)  RESULTS ARE MEASURED IN ELEMENT STRESS SYSTEM
 
    EL    NGLOB NLOC       FORCE-R      FORCE-S      FORCE-T     MOMENT-R     MOMENT-S     MOMENT-T
 
  3343     992    1    4.34354E+05  6.81259E+03  9.12942E+03  2.43991E+02  7.35627E+04  2.85319E+04
  3343     990    2    4.34354E+05  6.81259E+03  9.12942E+03  2.43991E+02  2.04703E+04  4.31084E+04
  3344     919    1    3.43979E+05  9.47404E+03  7.40228E+03  2.98026E+02  5.90425E+04  3.90035E+04
  3344     917    2    3.43979E+05  9.47404E+03  7.40228E+03  2.98026E+02  1.92419E+04  5.92448E+04
  3352     943    1    1.17733E+06  4.88811E+04  1.52598E+04  1.58302E+03  4.31228E+04  1.11980E+05
  3352     929    2    1.17733E+06  4.88811E+04  1.52598E+04  1.58302E+03  3.62133E+04  7.89138E+04
  3353     929    1    7.83515E+05  5.19737E+04  2.83430E+04  1.07134E+03  9.38453E+04  1.19091E+05
  3353     942    2    7.83515E+05  5.19737E+04  2.83430E+04  1.07134E+03  5.69535E+04  1.40786E+05
  3366    1016    1    9.58016E+05  4.13875E+04  1.43865E+04  1.47894E+03  4.54884E+04  9.56400E+04
  3366    1002    2    9.58016E+05  4.13875E+04  1.43865E+04  1.47894E+03  2.63016E+04  6.57711E+04
  3367    1002    1    9.94071E+05  4.94779E+04  2.26488E+04  1.11659E+03  7.20286E+04  1.12150E+05
  3367    1015    2    9.94071E+05  4.94779E+04  2.26488E+04  1.11659E+03  5.13368E+04  1.35240E+05
 
 ELEMENT RESULTS FOR ZONE = P20PLANE_C  CASE COMBINATION  NUMBER =  1
 
 ELEMENT GROUP =  20  (BEAM)  RESULTS ARE MEASURED IN ELEMENT STRESS SYSTEM
 
    EL    NGLOB NLOC       FORCE-R      FORCE-S      FORCE-T     MOMENT-R     MOMENT-S     MOMENT-T
 
  1055     845    1    2.73488E+06  6.30170E+04  4.05083E+04  9.00565E+01  1.39115E+05  2.52998E+05
  1055     834    2    2.73488E+06  6.30170E+04  4.05083E+04  9.00565E+01  2.28699E+05  3.14500E+05
  1405    1106    1    3.51789E+06  5.69307E+04  3.67129E+04  8.81677E+01  1.24753E+05  2.33523E+05
  1405    1102    2    3.51789E+06  5.69307E+04  3.67129E+04  8.81677E+01  2.29794E+05  2.79495E+05
 
 ELEMENT RESULTS FOR ZONE = P39PLANE_C  CASE COMBINATION  NUMBER =  1
 
 ELEMENT GROUP =  39  (TRUSS)  RESULTS ARE MEASURED IN ELEMENT STRESS SYSTEM
 
    EL  POINT                 FORCE-R    STRESS-RR
 
  1599     1              6.35524E+05  7.11299E+07
  1611     1              1.16123E+06  1.29969E+08
  1626     1              5.89855E+05  6.60185E+07
  1627     1              8.20211E+05  9.18006E+07
 
 ELEMENT RESULTS FOR ZONE = P44PLANE_C  CASE COMBINATION  NUMBER =  1
 
 ELEMENT GROUP =  44  (BEAM)  RESULTS ARE MEASURED IN ELEMENT STRESS SYSTEM
 
    EL    NGLOB NLOC       FORCE-R      FORCE-S      FORCE-T     MOMENT-R     MOMENT-S     MOMENT-T
 
  1051     834    1    2.67813E+06  4.52863E+04  5.12565E+04  1.54278E+02  2.02634E+05  2.50559E+05
  1051     830    2    2.67813E+06  4.52863E+04  5.12565E+04  1.54278E+02  3.58656E+05  2.16152E+05
  1059     849    1    3.05336E+06  3.64280E+04  2.21086E+04  5.26790E+01  1.01880E+05  1.31393E+05
  1059     845    2    3.05336E+06  3.64280E+04  2.21086E+04  5.26790E+01  9.72161E+04  1.60061E+05
  1063     853    1    3.78883E+06  3.59658E+04  3.63887E+04  1.41391E+02  2.49558E+05  1.82982E+05
  1063     849    2    3.78883E+06  3.59658E+04  3.63887E+04  1.41391E+02  1.08320E+05  1.40782E+05
  1068     806    1    4.83752E+06  2.81355E+04  5.94926E+04  6.19701E+01  5.56196E+05  1.73673E+05
  1068     857    2    4.83752E+06  2.81355E+04  5.94926E+04  6.19701E+01  1.59875E+05  1.05207E+05
  1069     857    1    4.20633E+06  1.11990E+04  3.89915E+04  1.56349E+02  1.26237E+05  5.97490E+04
  1069     853    2    4.20633E+06  1.11990E+04  3.89915E+04  1.56349E+02  2.51766E+05  4.16239E+04
  1401    1102    1    3.45226E+06  3.57179E+04  4.51883E+04  1.26571E+02  1.56135E+05  1.99666E+05
  1401    1098    2    3.45226E+06  3.57179E+04  4.51883E+04  1.26571E+02  3.18157E+05  1.68342E+05
  1409    1110    1    2.24709E+06  2.72776E+04  1.67387E+04  7.00417E+01  5.48071E+04  9.43376E+04
  1409    1106    2    2.24709E+06  2.72776E+04  1.67387E+04  7.00417E+01  8.65049E+04  1.25931E+05
  1413    1114    1    2.78486E+06  3.22042E+04  2.36751E+04  8.97791E+01  1.63339E+05  1.62435E+05
  1413    1110    2    2.78486E+06  3.22042E+04  2.36751E+04  8.97791E+01  8.75194E+04  1.28720E+05
  1418    1074    1    3.25000E+06  2.27129E+04  7.17108E+04  5.43808E+01  5.76070E+05  1.39270E+05
  1418    1118    2    3.25000E+06  2.27129E+04  7.17108E+04  5.43808E+01  1.33931E+05  8.58741E+04
  1419    1118    1    2.90819E+06  6.83877E+03  2.22895E+04  1.28294E+02  7.45616E+04  5.03030E+04
  1419    1114    2    2.90819E+06  6.83877E+03  2.22895E+04  1.28294E+02  1.51316E+05  1.37035E+04
 
 ELEMENT RESULTS FOR ZONE = P49PLANE_C  CASE COMBINATION  NUMBER =  1
 
 ELEMENT GROUP =  49  (BEAM)  RESULTS ARE MEASURED IN ELEMENT STRESS SYSTEM
 
    EL    NGLOB NLOC       FORCE-R      FORCE-S      FORCE-T     MOMENT-R     MOMENT-S     MOMENT-T
 
  1120    4453    1    4.32694E+06  1.90032E+04  8.22151E+04  1.08996E+03  4.15331E+05  3.73760E+04
  1120     889    2    4.32694E+06  1.90032E+04  8.22151E+04  1.08996E+03  4.85576E+05  4.51649E+04
  1123     897    1    1.80147E+06  7.46533E+03  2.04606E+04  7.34338E+01  1.07480E+05  3.50577E+04
  1123     893    2    1.80147E+06  7.46533E+03  2.04606E+04  7.34338E+01  1.08117E+05  3.57542E+04
  1130     861    1    3.94183E+06  4.97836E+04  7.45736E+04  7.10353E+01  6.13007E+05  3.14625E+05
  1130     905    2    3.94183E+06  4.97836E+04  7.45736E+04  7.10353E+01  1.29327E+05  1.78437E+05
  1131     905    1    3.93679E+06  6.87660E+03  3.31910E+04  5.12274E+02  7.06067E+04  2.51278E+04
  1131     901    2    3.93679E+06  6.87660E+03  3.31910E+04  5.12274E+02  2.48590E+05  5.08070E+04
  1327    1019    1    2.84663E+06  4.33853E+04  7.65082E+04  4.48531E+01  6.02812E+05  2.77109E+05
  1327    1070    2    2.84663E+06  4.33853E+04  7.65082E+04  4.48531E+01  1.55186E+05  1.52944E+05
  1328    1070    1    2.83426E+06  7.85771E+03  2.84252E+04  2.75168E+02  6.86105E+04  2.36686E+04
  1328    1066    2    2.83426E+06  7.85771E+03  2.84252E+04  2.75168E+02  2.43909E+05  5.40197E+04
  3335     889    1    4.25810E+06  5.66512E+04  1.00884E+05  2.18529E+02  4.10334E+05  2.49341E+05
  3335     885    2    4.25810E+06  5.66512E+04  1.00884E+05  2.18529E+02  6.38012E+05  3.34914E+05
  3336     885    1    5.55753E+06  1.46333E+04  1.55267E+05  2.50699E+02  8.29029E+05  1.41580E+05
  3336     881    2    5.55753E+06  1.46333E+04  1.55267E+05  2.50699E+02  4.54987E+05  3.80290E+04
  3337     881    1    5.50685E+06  6.35404E+03  7.46114E+04  1.66894E+02  4.02315E+05  7.03078E+04
  3337     877    2    5.50685E+06  6.35404E+03  7.46114E+04  1.66894E+02  2.60529E+05  8.01338E+04
  3339    1043    1    5.68417E+06  9.45557E+03  1.30736E+05  1.50906E+02  7.23998E+05  9.10045E+04
  3339    1039    2    5.68417E+06  9.45557E+03  1.30736E+05  1.50906E+02  3.89996E+05  6.05878E+04
  3340    1039    1    5.64225E+06  1.53331E+04  6.85091E+04  9.50664E+01  3.69450E+05  3.58974E+04
  3340    1035    2    5.64225E+06  1.53331E+04  6.85091E+04  9.50664E+01  2.48977E+05  1.54080E+05
  3342    1047    1    4.43718E+06  3.83280E+04  8.51315E+04  1.98782E+02  2.92775E+05  1.71426E+05
  3342    1043    2    4.43718E+06  3.83280E+04  8.51315E+04  1.98782E+02  6.21286E+05  2.28573E+05
 29958    4457    1    4.48451E+06  2.39879E+04  5.75568E+04  9.36378E+02  3.10260E+05  5.90651E+04
 29958    1047    2    4.48451E+06  2.39879E+04  5.75568E+04  9.36378E+02  3.55586E+05  7.70788E+04
 30833     897    1    1.78111E+06  6.85780E+04  1.47131E+04  7.97905E+02  6.42797E+04  1.21388E+05
 30833    4692    2    1.78111E+06  6.85780E+04  1.47131E+04  7.97905E+02  9.08658E+04  1.64405E+05
 30834    4692    1    1.82235E+06  6.00476E+04  3.74688E+04  8.05403E+02  8.94487E+04  1.51838E+05
 30834     893    2    1.82235E+06  6.00476E+04  3.74688E+04  8.05403E+02  1.25182E+05  8.82837E+04
 30835     901    1    3.55469E+06  1.00645E+05  6.38061E+04  6.85483E+02  2.92185E+05  3.25626E+05
 30835    4691    2    3.55469E+06  1.00645E+05  6.38061E+04  6.85483E+02  9.16593E+04  2.03707E+05
 30836    4691    1    3.59138E+06  7.72185E+04  5.27580E+04  2.01698E+02  8.64977E+04  1.43607E+05
 30836     897    2    3.59138E+06  7.72185E+04  5.27580E+04  2.01698E+02  2.60351E+05  1.61633E+05
 30837     893    1    4.40341E+06  1.25540E+05  1.01437E+05  8.79488E+02  3.33383E+05  2.62164E+05
 30837    4693    2    4.40341E+06  1.25540E+05  1.01437E+05  8.79488E+02  1.33915E+05  2.69475E+05
 30838    4693    1    4.33060E+06  2.12148E+04  8.25818E+04  9.03246E+02  1.37056E+05  7.13462E+04
 30838    4453    2    4.33060E+06  2.12148E+04  8.25818E+04  9.03246E+02  4.16067E+05  3.81780E+04
 30851    1062    1    2.94143E+06  7.25802E+04  1.94174E+04  8.11416E+02  1.16039E+05  1.55360E+05
 30851    4695    2    2.94143E+06  7.25802E+04  1.94174E+04  8.11416E+02  1.03155E+05  1.40008E+05
 30852    4695    1    2.94865E+06  5.21838E+04  4.57383E+04  8.09489E+02  1.01309E+05  1.13534E+05
 30852    1058    2    2.94865E+06  5.21838E+04  4.57383E+04  8.09489E+02  1.38089E+05  9.30751E+04
 30853    1066    1    2.96659E+06  8.69036E+04  6.31009E+04  2.16833E+02  2.71916E+05  2.64377E+05
 30853    4694    2    2.96659E+06  8.69036E+04  6.31009E+04  2.16833E+02  7.74469E+04  1.76698E+05
 30854    4694    1    2.96398E+06  5.35719E+04  4.88897E+04  1.72270E+02  7.60247E+04  9.40660E+04
 30854    1062    2    2.96398E+06  5.35719E+04  4.88897E+04  1.72270E+02  2.29115E+05  1.19671E+05
 30855    1058    1    4.54997E+06  1.06093E+05  8.48928E+04  9.04990E+02  2.17632E+05  2.33141E+05
 30855    4696    2    4.54997E+06  1.06093E+05  8.48928E+04  9.04990E+02  1.48259E+05  2.14617E+05
 30856    4696    1    4.48798E+06  2.81274E+04  6.04590E+04  9.05925E+02  1.50733E+05  6.01992E+04
 30856    4457    2    4.48798E+06  2.81274E+04  6.04590E+04  9.05925E+02  3.12756E+05  6.38739E+04
 
 ELEMENT RESULTS FOR ZONE = P50PLANE_C  CASE COMBINATION  NUMBER =  1
 
 ELEMENT GROUP =  50  (BEAM)  RESULTS ARE MEASURED IN ELEMENT STRESS SYSTEM
 
    EL    NGLOB NLOC       FORCE-R      FORCE-S      FORCE-T     MOMENT-R     MOMENT-S     MOMENT-T
 
  3338     877    1    6.35281E+06  7.66253E+04  9.28834E+04  1.07502E+02  2.93036E+05  2.69412E+05
  3338     873    2    6.35281E+06  7.66253E+04  9.28834E+04  1.07502E+02  4.22920E+05  3.20721E+05
  3341    1035    1    6.39074E+06  9.41700E+04  7.69979E+04  1.02488E+02  2.81868E+05  3.43237E+05
  3341    1031    2    6.39074E+06  9.41700E+04  7.69979E+04  1.02488E+02  3.52047E+05  3.82523E+05
  4094     873    1    4.88019E+06  7.32725E+04  5.92308E+04  4.17075E+03  3.70264E+05  1.56124E+05
  4094    1679    2    4.88019E+06  7.32725E+04  5.92308E+04  4.17075E+03  2.60894E+05  6.49900E+04
  4095    1679    1    4.87075E+06  4.03559E+04  6.27019E+04  9.59220E+02  2.60872E+05  6.66202E+04
  4095    1910    2    4.87075E+06  4.03559E+04  6.27019E+04  9.59220E+02  2.00524E+05  1.79006E+05
  4096    1910    1    4.86189E+06  2.81367E+04  7.04028E+04  3.07259E+03  2.01352E+05  1.81116E+05
  4096     869    2    4.86189E+06  2.81367E+04  7.04028E+04  3.07259E+03  2.72428E+05  1.43942E+05
  4104    1031    1    5.48327E+06  7.26922E+04  4.91863E+04  3.76665E+03  3.17560E+05  2.05848E+05
  4104    1691    2    5.48327E+06  7.26922E+04  4.91863E+04  3.76665E+03  1.89513E+05  4.82158E+04
  4105    1691    1    5.47353E+06  4.63967E+04  5.52791E+04  1.48368E+03  1.90597E+05  4.80475E+04
  4105    1913    2    5.47353E+06  4.63967E+04  5.52791E+04  1.48368E+03  1.81059E+05  1.44391E+05
  4106    1913    1    5.46481E+06  2.61781E+04  6.47447E+04  2.84042E+03  1.85494E+05  1.45724E+05
  4106    1027    2    5.46481E+06  2.61781E+04  6.47447E+04  2.84042E+03  2.18023E+05  1.62877E+05
 
 ELEMENT RESULTS FOR ZONE = P51PLANE_C  CASE COMBINATION  NUMBER =  1
 
 ELEMENT GROUP =  51  (BEAM)  RESULTS ARE MEASURED IN ELEMENT STRESS SYSTEM
 
    EL    NGLOB NLOC       FORCE-R      FORCE-S      FORCE-T     MOMENT-R     MOMENT-S     MOMENT-T
 
  1176     865    1    5.77676E+06  2.73163E+04  5.25361E+04  3.86697E+02  3.51992E+05  1.83020E+05
  1176      18    2    5.77676E+06  2.73163E+04  5.25361E+04  3.86697E+02  0.00000E+00  0.00000E+00
  1380    1023    1    5.78641E+06  2.34579E+04  4.76213E+04  4.82581E+02  3.19063E+05  1.57168E+05
  1380      29    2    5.78641E+06  2.34579E+04  4.76213E+04  4.82581E+02  0.00000E+00  0.00000E+00
  4097     869    1    5.83875E+06  1.13664E+05  7.90599E+04  7.56027E+03  2.95163E+05  4.61257E+05
  4097    1702    2    5.83875E+06  1.13664E+05  7.90599E+04  7.56027E+03  2.53413E+05  3.81692E+05
  4098    1702    1    5.81830E+06  1.16980E+05  7.92648E+04  6.67969E+02  2.58132E+05  3.73532E+05
  4098     865    2    5.81830E+06  1.16980E+05  7.92648E+04  6.67969E+02  3.98060E+05  4.80420E+05
  4107    1027    1    5.85374E+06  1.02586E+05  8.02844E+04  8.74080E+03  2.52720E+05  4.30012E+05
  4107    1714    2    5.85374E+06  1.02586E+05  8.02844E+04  8.74080E+03  2.09921E+05  3.58201E+05
  4108    1714    1    5.83457E+06  1.05506E+05  7.16014E+04  6.73896E+02  2.10092E+05  3.46409E+05
  4108    1023    2    5.83457E+06  1.05506E+05  7.16014E+04  6.73896E+02  3.75293E+05  4.23937E+05
 
 ELEMENT RESULTS FOR ZONE = P52PLANE_C  CASE COMBINATION  NUMBER =  1
 
 ELEMENT GROUP =  52  (BEAM)  RESULTS ARE MEASURED IN ELEMENT STRESS SYSTEM
 
    EL    NGLOB NLOC       FORCE-R      FORCE-S      FORCE-T     MOMENT-R     MOMENT-S     MOMENT-T
 
  3361     977    1    4.11335E+05  6.53525E+04  4.80281E+04  4.68310E+01  9.43009E+04  1.35534E+05
  3361     955    2    4.11335E+05  6.53525E+04  4.80281E+04  4.68310E+01  1.23951E+05  1.25876E+05
 
 ELEMENT RESULTS FOR ZONE = P53PLANE_C  CASE COMBINATION  NUMBER =  1
 
 ELEMENT GROUP =  53  (TRUSS)  RESULTS ARE MEASURED IN ELEMENT STRESS SYSTEM
 
    EL  POINT                 FORCE-R    STRESS-RR
 
  1596     1              8.16551E+05  7.08259E+07
  1598     1              7.58140E+05  6.57594E+07
  1608     1              1.05628E+06  9.16193E+07
  1609     1              1.24062E+06  1.07609E+08
  1614     1              9.93185E+05  8.61467E+07
  1616     1              8.81557E+05  7.64643E+07
  1622     1              1.14295E+06  9.91367E+07
  1624     1              8.36741E+05  7.25771E+07
  2944     1              1.45764E+06  1.26432E+08
  2945     1              1.16467E+06  1.01021E+08
  3188     1              6.18348E+05  5.36341E+07
  3189     1              6.53551E+05  5.66875E+07
 
 ELEMENT RESULTS FOR ZONE = P57PLANE_C  CASE COMBINATION  NUMBER =  1
 
 ELEMENT GROUP =  57  (BEAM)  RESULTS ARE MEASURED IN ELEMENT STRESS SYSTEM
 
    EL    NGLOB NLOC       FORCE-R      FORCE-S      FORCE-T     MOMENT-R     MOMENT-S     MOMENT-T
 
  1044     826    1    2.57407E+06  1.79367E+04  3.62328E+04  1.24073E+02  1.69113E+05  9.56215E+04
  1044     822    2    2.57407E+06  1.79367E+04  3.62328E+04  1.24073E+02  1.51492E+05  5.97802E+04
  1047     830    1    2.90117E+06  5.59533E+03  7.35114E+04  1.24901E+02  3.75333E+05  3.27944E+04
  1047     826    2    2.90117E+06  5.59533E+03  7.35114E+04  1.24901E+02  2.35483E+05  3.92569E+04
  1394    1094    1    2.54979E+06  1.58358E+04  2.81029E+04  2.80795E+01  1.60308E+05  8.73498E+04
  1394    1090    2    2.54979E+06  1.58358E+04  2.81029E+04  2.80795E+01  1.05246E+05  4.96857E+04
  1397    1098    1    3.48487E+06  4.22501E+03  5.51991E+04  6.40970E+01  3.34758E+05  3.01941E+04
  1397    1094    2    3.48487E+06  4.22501E+03  5.51991E+04  6.40970E+01  2.02546E+05  2.87649E+04
 
 ELEMENT RESULTS FOR ZONE = P67PLANE_C  CASE COMBINATION  NUMBER =  1
 
 ELEMENT GROUP =  67  (BEAM)  RESULTS ARE MEASURED IN ELEMENT STRESS SYSTEM
 
    EL    NGLOB NLOC       FORCE-R      FORCE-S      FORCE-T     MOMENT-R     MOMENT-S     MOMENT-T
 
  2043     810    1    1.41426E+05  5.48706E+03  3.66579E+04  4.46211E+03  9.43548E+04  4.55422E+03
  2043    1255    2    1.41426E+05  5.48706E+03  3.66579E+04  4.46211E+03  5.77123E+04  1.94922E+04
  2044    1255    1    1.40108E+05  1.04027E+04  2.57370E+04  4.41935E+03  5.77248E+04  1.93766E+04
  2044     865    2    1.40108E+05  1.04027E+04  2.57370E+04  4.41935E+03  8.52611E+04  2.22341E+04
  2045    1023    1    1.15621E+05  3.83253E+03  3.22491E+04  5.77961E+02  8.96790E+04  8.44551E+03
  2045    1256    2    1.15621E+05  3.83253E+03  3.22491E+04  5.77961E+02  5.73244E+04  6.89285E+03
  2046    1256    1    1.12467E+05  1.96076E+03  3.49283E+04  5.75990E+02  5.73638E+04  6.90233E+03
  2046    1078    2    1.12467E+05  1.96076E+03  3.49283E+04  5.75990E+02  9.26732E+04  2.25321E+03
 
 ELEMENT RESULTS FOR ZONE = P81PLANE_C  CASE COMBINATION  NUMBER =  1
 
 ELEMENT GROUP =  81  (BEAM)  RESULTS ARE MEASURED IN ELEMENT STRESS SYSTEM
 
    EL    NGLOB NLOC       FORCE-R      FORCE-S      FORCE-T     MOMENT-R     MOMENT-S     MOMENT-T
 
  1863     834    1    5.36951E+05  3.91678E+03  4.52377E+04  4.82336E+02  1.81339E+05  1.17417E+04
  1863    1203    2    5.36951E+05  3.91678E+03  4.52377E+04  4.82336E+02  3.05957E+04  4.66634E+03
  1864    1203    1    4.72298E+05  2.81485E+03  4.67363E+04  5.20118E+02  3.06045E+04  4.84927E+03
  1864     889    2    4.72298E+05  2.81485E+03  4.67363E+04  5.20118E+02  1.85554E+05  1.27319E+04
  1869    1047    1    5.38821E+05  2.48077E+03  4.47166E+04  3.71147E+02  1.82766E+05  1.27946E+04
  1869    1206    2    5.38821E+05  2.48077E+03  4.47166E+04  3.71147E+02  2.54377E+04  4.07759E+03
  1870    1206    1    3.66650E+05  4.15654E+03  4.87052E+04  3.84187E+02  2.54409E+04  3.90758E+03
  1870    1102    2    3.66650E+05  4.15654E+03  4.87052E+04  3.84187E+02  1.90504E+05  1.38400E+04
 
 ELEMENT RESULTS FOR ZONE = P173PLANE_C  CASE COMBINATION  NUMBER =  1
 
 ELEMENT GROUP = 173  (TRUSS)  RESULTS ARE MEASURED IN ELEMENT STRESS SYSTEM
 
    EL  POINT                 FORCE-R    STRESS-RR
 
  1601     1              7.50036E+05  1.00541E+08
  1603     1              5.32852E+05  7.14278E+07
  1618     1              5.80618E+05  7.78308E+07
  1620     1              4.28538E+05  5.74448E+07
  3170     1              4.81083E+05  6.44884E+07
  3171     1              4.12097E+05  5.52408E+07
 
 ELEMENT RESULTS FOR ZONE = P174PLANE_C  CASE COMBINATION  NUMBER =  1
 
 ELEMENT GROUP = 174  (TRUSS)  RESULTS ARE MEASURED IN ELEMENT STRESS SYSTEM
 
    EL  POINT                 FORCE-R    STRESS-RR
 
  1602     1              1.08201E+06  6.30304E+07
  1604     1              8.92292E+05  5.19790E+07
  1606     1              1.66343E+06  9.69002E+07
  1613     1              1.48283E+06  8.63799E+07
  1619     1              9.13594E+05  5.32199E+07
  1621     1              6.53348E+05  3.80597E+07
  2943     1              1.31231E+06  7.64466E+07
  2946     1              1.08230E+06  6.30478E+07
  3168     1              7.52253E+05  4.38212E+07
  3169     1              5.80366E+05  3.38082E+07
 
 ELEMENT RESULTS FOR ZONE = P184PLANE_C  CASE COMBINATION  NUMBER =  1
 
 ELEMENT GROUP = 184  (BEAM)  RESULTS ARE MEASURED IN ELEMENT STRESS SYSTEM
 
    EL    NGLOB NLOC       FORCE-R      FORCE-S      FORCE-T     MOMENT-R     MOMENT-S     MOMENT-T
 
  4101    1907    1    1.42311E+06  4.63520E+04  2.94587E+04  1.36054E+02  7.74801E+04  6.23200E+04
  4101     814    2    1.42311E+06  4.63520E+04  2.94587E+04  1.36054E+02  5.38094E+04  1.05743E+05
  4102     814    1    9.10946E+05  2.09042E+04  2.29071E+04  1.23220E+03  9.12795E+04  9.35612E+04
  4102    1696    2    9.10946E+05  2.09042E+04  2.29071E+04  1.23220E+03  7.52445E+04  1.04176E+05
  4103    1696    1    9.07885E+05  3.47105E+04  2.21890E+04  2.16577E+02  7.45100E+04  1.05958E+05
  4103     810    2    9.07885E+05  3.47105E+04  2.21890E+04  2.16577E+02  9.46155E+04  1.47429E+05
  4111    1916    1    1.10424E+06  4.50975E+04  2.34890E+04  1.75119E+02  6.39794E+04  6.37601E+04
  4111    1082    2    1.10424E+06  4.50975E+04  2.34890E+04  1.75119E+02  2.79278E+04  9.85910E+04
  4112    1082    1    7.14093E+05  2.32356E+04  2.35538E+04  1.64469E+03  1.03575E+05  5.12010E+04
  4112    1708    2    7.14093E+05  2.32356E+04  2.35538E+04  1.64469E+03  1.16652E+05  3.80173E+04
  4113    1708    1    7.08284E+05  3.55044E+04  1.87419E+04  1.68263E+02  4.31328E+04  1.15701E+05
  4113    1078    2    7.08284E+05  3.55044E+04  1.87419E+04  1.68263E+02  9.36828E+04  1.43718E+05
 
 ELEMENT RESULTS FOR ZONE = P186PLANE_C  CASE COMBINATION  NUMBER =  1
 
 ELEMENT GROUP = 186  (BEAM)  RESULTS ARE MEASURED IN ELEMENT STRESS SYSTEM
 
    EL    NGLOB NLOC       FORCE-R      FORCE-S      FORCE-T     MOMENT-R     MOMENT-S     MOMENT-T
 
  1041     822    1    1.97220E+06  2.88818E+04  4.88034E+04  2.18078E+02  1.95869E+05  8.99904E+04
  1041     818    2    1.97220E+06  2.88818E+04  4.88034E+04  2.18078E+02  1.80014E+05  1.32667E+05
  1391    1090    1    1.61693E+06  2.77333E+04  3.52174E+04  4.69268E+01  1.46099E+05  8.51185E+04
  1391    1086    2    1.61693E+06  2.77333E+04  3.52174E+04  4.69268E+01  1.50343E+05  1.28487E+05
  4099     818    1    1.45283E+06  3.55424E+04  4.25039E+04  6.10945E+02  1.22608E+05  1.19617E+05
  4099    1670    2    1.45283E+06  3.55424E+04  4.25039E+04  6.10945E+02  1.28121E+05  8.61044E+04
  4100    1670    1    1.42975E+06  1.35102E+04  2.01173E+04  1.90475E+02  1.27494E+05  8.80914E+04
  4100    1907    2    1.42975E+06  1.35102E+04  2.01173E+04  1.90475E+02  7.68531E+04  6.07706E+04
  4109    1086    1    1.12771E+06  3.51947E+04  3.88111E+04  4.57368E+02  1.11027E+05  9.01365E+04
  4109    1684    2    1.12771E+06  3.51947E+04  3.88111E+04  4.57368E+02  1.14943E+05  8.35046E+04
  4110    1684    1    1.10988E+06  1.10215E+04  1.69326E+04  1.65626E+02  1.02637E+05  8.52410E+04
  4110    1916    2    1.10988E+06  1.10215E+04  1.69326E+04  1.65626E+02  6.69101E+04  6.06705E+04
 
 ELEMENT RESULTS FOR ZONE = P197PLANE_C  CASE COMBINATION  NUMBER =  1
 
 ELEMENT GROUP = 197  (BEAM)  RESULTS ARE MEASURED IN ELEMENT STRESS SYSTEM
 
    EL    NGLOB NLOC       FORCE-R      FORCE-S      FORCE-T     MOMENT-R     MOMENT-S     MOMENT-T
 
  3256     932    1    1.31014E+05  4.49325E+03  2.92951E+04  1.87278E+00  1.33116E+05  2.00963E+04
  3256     968    2    1.31014E+05  4.49325E+03  2.92951E+04  1.87278E+00  1.30540E+05  2.06032E+04
  3257     968    1    1.71715E+05  4.51432E+03  2.65006E+04  1.94631E+00  1.15751E+05  2.07240E+04
  3257    1005    2    1.71715E+05  4.51432E+03  2.65006E+04  1.94631E+00  1.22778E+05  1.99202E+04
 
 ELEMENT RESULTS FOR ZONE = P198PLANE_C  CASE COMBINATION  NUMBER =  1
 
 ELEMENT GROUP = 198  (BEAM)  RESULTS ARE MEASURED IN ELEMENT STRESS SYSTEM
 
    EL    NGLOB NLOC       FORCE-R      FORCE-S      FORCE-T     MOMENT-R     MOMENT-S     MOMENT-T
 
  3445     919    1    2.97564E+05  1.09856E+03  2.39007E+04  1.03488E+01  1.13147E+05  5.56210E+03
  3445     955    2    2.97564E+05  1.09856E+03  2.39007E+04  1.03488E+01  1.02143E+05  4.52397E+03
  3446     955    1    2.86762E+05  1.25829E+03  1.88597E+04  7.06357E+00  7.88928E+04  5.28928E+03
  3446     992    2    2.86762E+05  1.25829E+03  1.88597E+04  7.06357E+00  9.08928E+04  6.03532E+03
 
 ELEMENT RESULTS FOR ZONE = P205PLANE_C  CASE COMBINATION  NUMBER =  1
 
 ELEMENT GROUP = 205  (BEAM)  RESULTS ARE MEASURED IN ELEMENT STRESS SYSTEM
 
    EL    NGLOB NLOC       FORCE-R      FORCE-S      FORCE-T     MOMENT-R     MOMENT-S     MOMENT-T
 
  3543     917    1    1.04415E+06  2.17250E+04  1.76252E+04  2.08261E+01  1.12742E+05  1.24886E+05
  3543     953    2    1.04415E+06  2.17250E+04  1.76252E+04  2.08261E+01  6.96014E+04  7.06387E+04
  3544     953    1    1.47373E+06  1.84556E+04  1.87773E+04  1.95070E+01  4.29124E+04  6.32876E+04
  3544     990    2    1.47373E+06  1.84556E+04  1.87773E+04  1.95070E+01  1.37774E+05  1.03108E+05
 
 ELEMENT RESULTS FOR ZONE = P211PLANE_C  CASE COMBINATION  NUMBER =  1
 
 ELEMENT GROUP = 211  (BEAM)  RESULTS ARE MEASURED IN ELEMENT STRESS SYSTEM
 
    EL    NGLOB NLOC       FORCE-R      FORCE-S      FORCE-T     MOMENT-R     MOMENT-S     MOMENT-T
 
  1188     909    1    1.92355E+06  1.17350E+04  1.99187E+04  4.36779E+01  1.52816E+05  6.44363E+04
  1188     939    2    1.92355E+06  1.17350E+04  1.99187E+04  4.36779E+01  4.44108E+04  5.17512E+04
  1278     982    1    2.49372E+06  1.17335E+04  1.63301E+04  5.09755E+01  1.34151E+05  6.42791E+04
  1278    1012    2    2.49372E+06  1.17335E+04  1.63301E+04  5.09755E+01  2.75160E+04  5.18829E+04
  3348     939    1    1.79358E+06  4.55329E+03  1.65768E+04  2.27186E+02  9.95255E+04  2.55278E+04
  3348     935    2    1.79358E+06  4.55329E+03  1.65768E+04  2.27186E+02  5.16500E+04  1.78515E+04
  3349     935    1    1.41410E+06  5.85422E+04  2.02374E+04  1.57158E+03  4.79546E+04  1.44840E+05
  3349     944    2    1.41410E+06  5.85422E+04  2.02374E+04  1.57158E+03  5.75912E+04  1.47871E+05
  3350     944    1    1.42426E+06  6.42455E+04  1.46589E+04  2.22862E+03  5.69625E+04  1.34518E+05
  3350     932    2    1.42426E+06  6.42455E+04  1.46589E+04  2.22862E+03  4.37962E+04  1.22464E+05
  3351     932    1    1.20827E+06  4.92708E+04  2.25332E+04  2.10276E+03  6.39560E+04  8.96799E+04
  3351     943    2    1.20827E+06  4.92708E+04  2.25332E+04  2.10276E+03  4.32545E+04  1.15462E+05
  3362    1012    1    2.83441E+06  3.48048E+03  2.03828E+04  2.74555E+02  1.18408E+05  2.07898E+04
  3362    1008    2    2.83441E+06  3.48048E+03  2.03828E+04  2.74555E+02  6.91272E+04  1.27102E+04
  3363    1008    1    1.62760E+06  6.24060E+04  1.65926E+04  1.76199E+03  3.18147E+04  1.52241E+05
  3363    1017    2    1.62760E+06  6.24060E+04  1.65926E+04  1.76199E+03  5.33973E+04  1.59936E+05
  3364    1017    1    1.66794E+06  5.14783E+04  1.48131E+04  1.98180E+03  5.28934E+04  1.08201E+05
  3364    1005    2    1.66794E+06  5.14783E+04  1.48131E+04  1.98180E+03  3.20171E+04  9.77801E+04
  3365    1005    1    9.75414E+05  5.77454E+04  2.37180E+04  1.90343E+03  7.05578E+04  1.07160E+05
  3365    1016    2    9.75414E+05  5.77454E+04  2.37180E+04  1.90343E+03  4.57194E+04  1.29596E+05
 
 ELEMENT RESULTS FOR ZONE = P212PLANE_C  CASE COMBINATION  NUMBER =  1
 
 ELEMENT GROUP = 212  (BEAM)  RESULTS ARE MEASURED IN ELEMENT STRESS SYSTEM
 
    EL    NGLOB NLOC       FORCE-R      FORCE-S      FORCE-T     MOMENT-R     MOMENT-S     MOMENT-T
 
  3541     885    1    1.02449E+06  4.15792E+04  4.82900E+04  6.77450E+02  3.23567E+05  4.82040E+04
  3541    1614    2    1.02449E+06  4.15792E+04  4.82900E+04  6.77450E+02  1.20349E+05  1.46081E+05
  3542    1614    1    1.02747E+06  7.73108E+04  4.63800E+04  8.89897E+02  1.20420E+05  1.44442E+05
  3542     917    2    1.02747E+06  7.73108E+04  4.63800E+04  8.89897E+02  1.08632E+05  1.19312E+05
  3545     990    1    1.45404E+06  6.50395E+04  3.74810E+04  7.39301E+02  1.41863E+05  9.60228E+04
  3545    1620    2    1.45404E+06  6.50395E+04  3.74810E+04  7.39301E+02  1.01962E+05  1.25979E+05
  3546    1620    1    1.45236E+06  3.87593E+04  3.60575E+04  5.64399E+02  1.02047E+05  1.26421E+05
  3546    1043    2    1.45236E+06  3.87593E+04  3.60575E+04  5.64399E+02  2.37082E+05  5.14843E+04
 
 ELEMENT RESULTS FOR ZONE = P213PLANE_C  CASE COMBINATION  NUMBER =  1
 
 ELEMENT GROUP = 213  (BEAM)  RESULTS ARE MEASURED IN ELEMENT STRESS SYSTEM
 
    EL    NGLOB NLOC       FORCE-R      FORCE-S      FORCE-T     MOMENT-R     MOMENT-S     MOMENT-T
 
  3940     942    1    3.22406E+04  2.78659E+04  5.06839E+04  2.67760E+01  2.31370E+05  1.92446E+03
  3940    1870    2    3.22406E+04  2.78659E+04  5.06839E+04  2.67760E+01  1.84419E+05  2.66227E+04
  3941    1870    1    2.63128E+04  2.08670E+04  4.90137E+04  2.06242E+01  1.84432E+05  2.67421E+04
  3941    1871    2    2.63128E+04  2.08670E+04  4.90137E+04  2.06242E+01  8.31472E+04  5.50766E+04
  3942    1871    1    1.64162E+04  9.51867E+03  4.62461E+04  4.94116E+00  8.31493E+04  5.50931E+04
  3942    1872    2    1.64162E+04  9.51867E+03  4.62461E+04  4.94116E+00  3.26794E+04  3.38709E+04
  3943    1872    1    1.25761E+04  2.97411E+04  4.66438E+04  2.07404E+01  3.26763E+04  3.37981E+04
  3943    1873    2    1.25761E+04  2.97411E+04  4.66438E+04  2.07404E+01  1.30722E+05  3.32824E+04
  3944    1873    1    1.93478E+04  3.69987E+04  4.70414E+04  2.86865E+01  1.30711E+05  3.35003E+04
  3944     977    2    1.93478E+04  3.69987E+04  4.70414E+04  2.86865E+01  1.86719E+05  7.38714E+04
  3945     977    1    1.58006E+04  3.65428E+04  3.73123E+04  2.42327E+01  1.40054E+05  7.38725E+04
  3945    1874    2    1.58006E+04  3.65428E+04  3.73123E+04  2.42327E+01  9.36089E+04  3.43129E+04
  3946    1874    1    1.65031E+04  2.93607E+04  3.66180E+04  1.73517E+01  9.35844E+04  3.41017E+04
  3946    1875    2    1.65031E+04  2.93607E+04  3.66180E+04  1.73517E+01  2.38666E+04  3.23273E+04
  3947    1875    1    2.77869E+04  9.43844E+03  3.61851E+04  5.52335E+00  2.38666E+04  3.24152E+04
  3947    1876    2    2.77869E+04  9.43844E+03  3.61851E+04  5.52335E+00  7.45733E+04  5.27049E+04
  3948    1876    1    3.88777E+04  1.95343E+04  3.86189E+04  1.77607E+01  7.45689E+04  5.26746E+04
  3948    1877    2    3.88777E+04  1.95343E+04  3.86189E+04  1.77607E+01  1.52383E+05  2.91622E+04
  3949    1877    1    4.52943E+04  3.07460E+04  3.99914E+04  2.45988E+01  1.52397E+05  2.88416E+04
  3949    1015    2    4.52943E+04  3.07460E+04  3.99914E+04  2.45988E+01  1.92181E+05  1.95005E+03
  3980     944    1    2.41267E+04  2.39462E+04  5.33912E+04  2.89942E+01  2.45104E+05  3.51678E+03
  3980    1806    2    2.41267E+04  2.39462E+04  5.33912E+04  2.89942E+01  1.94522E+05  2.04295E+04
  3981    1806    1    1.92689E+04  1.77541E+04  5.20160E+04  2.08940E+01  1.94499E+05  2.08377E+04
  3981    1807    2    1.92689E+04  1.77541E+04  5.20160E+04  2.08940E+01  8.55570E+04  6.07318E+04
  3982    1807    1    1.38989E+04  9.69990E+03  4.96496E+04  2.92025E+00  8.55531E+04  6.08045E+04
  3982    1808    2    1.38989E+04  9.69990E+03  4.96496E+04  2.92025E+00  3.67527E+04  3.93612E+04
  3983    1808    1    1.41203E+04  3.39232E+04  4.78168E+04  2.01458E+01  3.67519E+04  3.91976E+04
  3983    1809    2    1.41203E+04  3.39232E+04  4.78168E+04  2.01458E+01  1.42156E+05  3.72852E+04
  3984    1809    1    2.13330E+04  3.69047E+04  4.80591E+04  2.77087E+01  1.42138E+05  3.75650E+04
  3984     979    2    2.13330E+04  3.69047E+04  4.80591E+04  2.77087E+01  1.98731E+05  8.36052E+04
  3985     979    1    1.50958E+04  3.76519E+04  4.90145E+04  2.53974E+01  1.83682E+05  8.35607E+04
  3985    1810    2    1.50958E+04  3.76519E+04  4.90145E+04  2.53974E+01  1.22414E+05  3.66612E+04
  3986    1810    1    1.15504E+04  3.35812E+04  4.75447E+04  1.70435E+01  1.22377E+05  3.63594E+04
  3986    1811    2    1.15504E+04  3.35812E+04  4.75447E+04  1.70435E+01  2.56197E+04  3.93101E+04
  3987    1811    1    1.80674E+04  8.94726E+03  4.53582E+04  3.08148E+00  2.56262E+04  3.94456E+04
  3987    1812    2    1.80674E+04  8.94726E+03  4.53582E+04  3.08148E+00  8.66537E+04  5.88798E+04
  3988    1812    1    2.57337E+04  1.75054E+04  4.54410E+04  1.85668E+01  8.66526E+04  5.87861E+04
  3988    1813    2    2.57337E+04  1.75054E+04  4.54410E+04  1.85668E+01  1.83341E+05  1.94262E+04
  3989    1813    1    3.02264E+04  2.25039E+04  4.59088E+04  2.55270E+01  1.83298E+05  1.90410E+04
  3989    1017    2    3.02264E+04  2.25039E+04  4.59088E+04  2.55270E+01  2.25144E+05  3.48936E+03
  4024     943    1    2.81126E+04  2.76906E+04  4.87223E+04  2.25140E+01  2.17778E+05  3.48626E+03
  4024    1838    2    2.81126E+04  2.76906E+04  4.87223E+04  2.25140E+01  1.69600E+05  2.42375E+04
  4025    1838    1    2.24345E+04  1.40311E+04  4.72383E+04  1.74649E+01  1.69587E+05  2.46324E+04
  4025    1839    2    2.24345E+04  1.40311E+04  4.72383E+04  1.74649E+01  7.00818E+04  5.61142E+04
  4026    1839    1    1.65259E+04  8.68140E+03  4.48851E+04  4.04477E+00  7.00819E+04  5.61516E+04
  4026    1840    2    1.65259E+04  8.68140E+03  4.48851E+04  4.04477E+00  3.74957E+04  3.67586E+04
  4027    1840    1    1.38618E+04  3.06784E+04  4.37429E+04  1.47989E+01  3.74952E+04  3.66352E+04
  4027    1841    2    1.38618E+04  3.06784E+04  4.37429E+04  1.47989E+01  1.32765E+05  3.24302E+04
  4028    1841    1    2.24301E+04  4.30282E+04  4.37234E+04  2.09498E+01  1.32746E+05  3.27114E+04
  4028     978    2    2.24301E+04  4.30282E+04  4.37234E+04  2.09498E+01  1.85487E+05  8.62406E+04
  4029     978    1    1.45843E+04  4.33127E+04  3.89778E+04  2.12989E+01  1.42005E+05  8.62644E+04
  4029    1842    2    1.45843E+04  4.33127E+04  3.89778E+04  2.12989E+01  9.34329E+04  3.21496E+04
  4030    1842    1    1.75112E+04  3.03814E+04  3.74838E+04  1.57326E+01  9.34506E+04  3.18675E+04
  4030    1843    2    1.75112E+04  3.03814E+04  3.74838E+04  1.57326E+01  2.35616E+04  3.68205E+04
  4031    1843    1    2.66705E+04  8.71491E+03  3.55741E+04  2.74073E+00  2.35649E+04  3.69102E+04
  4031    1844    2    2.66705E+04  8.71491E+03  3.55741E+04  2.74073E+00  7.11287E+04  5.45894E+04
  4032    1844    1    3.55675E+04  1.36090E+04  3.71570E+04  1.61692E+01  7.11293E+04  5.45436E+04
  4032    1845    2    3.55675E+04  1.36090E+04  3.71570E+04  1.61692E+01  1.46596E+05  2.40491E+04
  4033    1845    1    4.06808E+04  2.68179E+04  3.85831E+04  2.29001E+01  1.46543E+05  2.36685E+04
  4033    1016    2    4.06808E+04  2.68179E+04  3.85831E+04  2.29001E+01  1.79016E+05  3.15976E+03

