
 Barh wind load
 
 ELEMENT RESULTS FOR ZONE = P7PLANE_C  CASE COMBINATION  NUMBER =  2
 
 ELEMENT GROUP =  7  (BEAM)  RESULTS ARE MEASURED IN ELEMENT STRESS SYSTEM
 
    EL    NGLOB NLOC       FORCE-R      FORCE-S      FORCE-T     MOMENT-R     MOMENT-S     MOMENT-T
 
  1666     857    1    9.88027E+04  1.49295E+02  7.39249E+03  6.59289E-02  3.15109E+04  3.31945E+02
  1666    1135    2    9.88027E+04  1.49295E+02  7.39249E+03  6.59289E-02  1.94098E+03  3.51534E+02
  1667    1135    1    9.88178E+04  2.09673E+02  7.39249E+03  6.59289E-02  1.94105E+03  3.51534E+02
  1667     905    2    9.88178E+04  2.09673E+02  7.39249E+03  6.59289E-02  2.76289E+04  4.87159E+02
  1668     905    1    1.02018E+05  1.71664E+02  5.44392E+03  2.39043E-02  2.58534E+04  3.72378E+02
  1668    1136    2    1.02018E+05  1.71664E+02  5.44392E+03  2.39043E-02  4.07773E+03  3.14277E+02
  1669    1136    1    1.01998E+05  1.47626E+02  5.44392E+03  2.39043E-02  4.07707E+03  3.14277E+02
  1669     939    2    1.01998E+05  1.47626E+02  5.44392E+03  2.39043E-02  1.76986E+04  4.46057E+02
  1670    1012    1    1.00817E+05  1.19000E+02  5.54169E+03  6.36603E-02  1.80663E+04  3.98012E+02
  1670    1137    2    1.00817E+05  1.19000E+02  5.54169E+03  6.36603E-02  4.10051E+03  2.35659E+02
  1671    1137    1    1.00831E+05  1.01254E+02  5.54169E+03  6.36603E-02  4.10116E+03  2.35659E+02
  1671    1070    2    1.00831E+05  1.01254E+02  5.54169E+03  6.36603E-02  2.62679E+04  2.21711E+02
  1672    1070    1    9.81117E+04  1.90077E+02  7.40965E+03  6.87269E-02  2.77378E+04  4.21951E+02
  1672    1138    2    9.81117E+04  1.90077E+02  7.40965E+03  6.87269E-02  1.90082E+03  3.38357E+02
  1673    1138    1    9.81028E+04  1.44430E+02  7.40965E+03  6.87269E-02  1.90075E+03  3.38357E+02
  1673    1118    2    9.81028E+04  1.44430E+02  7.40965E+03  6.87269E-02  3.15394E+04  3.35347E+02
  1812     901    1    4.04744E+05  5.77373E+02  7.91676E+03  1.37047E-02  3.39436E+04  2.81657E+03
  1812    1170    2    4.04744E+05  5.77373E+02  7.91676E+03  1.37047E-02  3.41481E+03  6.06561E+02
  1813    1170    1    4.04775E+05  6.00264E+02  7.91676E+03  1.37047E-02  3.41480E+03  6.06561E+02
  1813     935    2    4.04775E+05  6.00264E+02  7.91676E+03  1.37047E-02  2.93905E+04  1.89398E+03
  1814    1008    1    4.01762E+05  4.99502E+02  7.94839E+03  3.09551E-02  2.94909E+04  1.73113E+03
  1814    1171    2    4.01762E+05  4.99502E+02  7.94839E+03  3.09551E-02  3.43442E+03  3.31693E+02
  1815    1171    1    4.01731E+05  6.45293E+02  7.94839E+03  3.09551E-02  3.43440E+03  3.31693E+02
  1815    1066    2    4.01731E+05  6.45293E+02  7.94839E+03  3.09551E-02  3.40962E+04  2.84805E+03
  1905     830    1    4.06973E+05  4.52095E+02  5.18884E+03  1.16468E-01  2.06129E+04  1.31360E+03
  1905    1214    2    4.06973E+05  4.52095E+02  5.18884E+03  1.16468E-01  2.61056E+02  9.04381E+02
  1906    1214    1    4.07035E+05  3.69035E+02  5.18884E+03  1.16468E-01  2.61087E+02  9.04381E+02
  1906     885    2    4.07035E+05  3.69035E+02  5.18884E+03  1.16468E-01  2.08977E+04  1.20871E+03
  1907    1043    1    4.03739E+05  5.51687E+02  4.79566E+03  5.66560E-02  1.93282E+04  1.76749E+03
  1907    1215    2    4.03739E+05  5.51687E+02  4.79566E+03  5.66560E-02  2.74698E+02  4.39253E+02
  1908    1215    1    4.03697E+05  1.00338E+02  4.79566E+03  5.66560E-02  2.74689E+02  4.39253E+02
  1908    1098    2    4.03697E+05  1.00338E+02  4.79566E+03  5.66560E-02  1.90369E+04  8.22994E+02
  1939     826    1    4.39508E+04  1.71437E+02  8.72590E+03  2.41637E-01  3.34280E+04  6.64221E+02
  1939    1224    2    4.39508E+04  1.71437E+02  8.72590E+03  2.41637E-01  1.47561E+03  2.95844E+02
  1964    1224    1    4.39619E+04  1.79915E+02  8.72590E+03  2.41637E-01  1.47552E+03  2.95844E+02
  1964     881    2    4.39619E+04  1.79915E+02  8.72590E+03  2.41637E-01  3.63791E+04  7.11210E+02
  1965    1039    1    3.98529E+04  3.59341E+02  8.03754E+03  2.00452E-01  3.36348E+04  1.26876E+03
  1965    1225    2    3.98529E+04  3.59341E+02  8.03754E+03  2.00452E-01  1.48464E+03  1.68603E+02
  1966    1225    1    3.98383E+04  1.72767E+02  8.03754E+03  2.00452E-01  1.48474E+03  1.68603E+02
  1966    1094    2    3.98383E+04  1.72767E+02  8.03754E+03  2.00452E-01  3.06654E+04  8.59671E+02
  1983     818    1    3.86863E+04  1.91631E+02  2.38839E+03  2.29048E-01  9.18678E+03  6.64575E+02
  1983    1235    2    3.86863E+04  1.91631E+02  2.38839E+03  2.29048E-01  3.66774E+02  2.18035E+02
  1984    1235    1    3.86945E+04  1.97243E+02  2.38839E+03  2.29048E-01  3.66619E+02  2.18035E+02
  1984     873    2    3.86945E+04  1.97243E+02  2.38839E+03  2.29048E-01  9.92019E+03  5.70938E+02
  1985    1031    1    3.76383E+04  3.65497E+02  2.22949E+03  2.79196E-01  9.33527E+03  9.44157E+02
  1985    1236    2    3.76383E+04  3.65497E+02  2.22949E+03  2.79196E-01  4.17310E+02  5.17830E+02
  1986    1236    1    3.76596E+04  4.35402E+02  2.22949E+03  2.79196E-01  4.17464E+02  5.17830E+02
  1986    1086    2    3.76596E+04  4.35402E+02  2.22949E+03  2.79196E-01  8.50049E+03  1.28448E+03
  2009     814    1    3.87763E+04  6.47946E+01  2.06219E+03  1.51546E-01  8.29560E+03  4.42669E+02
  2009    1245    2    3.87763E+04  6.47946E+01  2.06219E+03  1.51546E-01  1.10415E+02  4.09980E+02
  2010    1245    1    3.87646E+04  3.34974E+02  2.06218E+03  1.51546E-01  1.10408E+02  4.09980E+02
  2010     869    2    3.87646E+04  3.34974E+02  2.06218E+03  1.51546E-01  8.20199E+03  9.29916E+02
  2011    1027    1    3.15644E+04  3.64485E+02  1.28216E+03  1.29855E-01  5.56780E+03  1.15314E+03
  2011    1246    2    3.15644E+04  3.64485E+02  1.28216E+03  1.29855E-01  4.39166E+02  3.04799E+02
  2012    1246    1    3.15557E+04  5.10427E+01  1.28216E+03  1.29855E-01  4.39065E+02  3.04799E+02
  2012    1082    2    3.15557E+04  5.10427E+01  1.28216E+03  1.29855E-01  4.68957E+03  4.48369E+02
  2256     822    1    6.98829E+04  9.87582E+01  4.28678E+03  5.39263E-02  1.70935E+04  2.87491E+02
  2256    1315    2    6.98829E+04  9.87582E+01  4.28678E+03  5.39263E-02  8.10921E+01  1.07542E+02
  2257    1315    1    6.98973E+04  4.35510E+01  4.28678E+03  5.39263E-02  8.10388E+01  1.07542E+02
  2257     877    2    6.98973E+04  4.35510E+01  4.28678E+03  5.39263E-02  1.72006E+04  1.99398E+02
  2258    1035    1    6.24128E+04  3.94537E+02  3.98803E+03  1.30145E-01  1.59684E+04  1.27638E+03
  2258    1316    2    6.24128E+04  3.94537E+02  3.98803E+03  1.30145E-01  7.59243E+01  3.01769E+02
  2259    1316    1    6.23825E+04  1.48153E+02  3.98803E+03  1.30145E-01  7.59556E+01  3.01769E+02
  2259    1090    2    6.23825E+04  1.48153E+02  3.98803E+03  1.30145E-01  1.59357E+04  7.03213E+02
  2464     849    1    2.75234E+04  1.92044E+02  7.08615E+03  5.30582E-02  2.82615E+04  4.86540E+02
  2464    1370    2    2.75234E+04  1.92044E+02  7.08615E+03  5.30582E-02  1.88714E+02  2.81636E+02
  2465    1370    1    1.12613E+05  7.92758E+01  7.08615E+03  5.30582E-02  1.88660E+02  2.81636E+02
  2465     897    2    1.12613E+05  7.92758E+01  7.08615E+03  5.30582E-02  2.84277E+04  5.98739E+02
  2466     897    1    1.33777E+05  3.97211E+02  6.95198E+03  2.92311E-02  2.99352E+04  1.70710E+03
  2466    1371    2    1.33777E+05  3.97211E+02  6.95198E+03  2.92311E-02  2.32013E+03  1.18254E+02
  2467    1371    1    1.33790E+05  2.07068E+02  6.95198E+03  2.92311E-02  2.32010E+03  1.18254E+02
  2467     932    2    1.33790E+05  2.07068E+02  6.95198E+03  2.92311E-02  2.56806E+04  7.10018E+02
  2468    1005    1    1.37574E+05  1.72707E+02  7.25810E+03  1.48823E-02  2.66038E+04  6.35251E+02
  2468    1372    2    1.37574E+05  1.72707E+02  7.25810E+03  1.48823E-02  2.62899E+03  5.55755E+01
  2469    1372    1    1.37560E+05  3.57825E+02  7.25810E+03  1.48823E-02  2.62899E+03  5.55755E+01
  2469    1062    2    1.37560E+05  3.57825E+02  7.25810E+03  1.48823E-02  3.14610E+04  1.48687E+03
  2470    1062    1    1.10570E+05  1.28535E+02  7.26941E+03  1.91655E-02  2.94124E+04  6.80286E+02
  2470    1373    2    1.10570E+05  1.28535E+02  7.26941E+03  1.91655E-02  4.63404E+02  1.66146E+02
  2471    1373    1    2.55745E+04  1.39856E+02  7.26941E+03  1.91655E-02  4.63461E+02  1.66146E+02
  2471    1110    2    2.55745E+04  1.39856E+02  7.26941E+03  1.91655E-02  2.87428E+04  3.93279E+02
  2662     845    1    8.77761E+04  1.89227E+02  5.97549E+03  9.82071E-02  2.39275E+04  5.25784E+02
  2662    1432    2    8.77761E+04  1.89227E+02  5.97549E+03  9.82071E-02  8.06783E+01  2.31122E+02
  2663    1432    1    1.91995E+05  2.09250E+02  5.97549E+03  9.82071E-02  8.06058E+01  2.31122E+02
  2663     893    2    1.91995E+05  2.09250E+02  5.97549E+03  9.82071E-02  2.38764E+04  1.06812E+03
  2664     893    1    1.20509E+05  5.91975E+02  6.94761E+03  8.06899E-02  2.93325E+04  2.20404E+03
  2664    1433    2    1.20509E+05  5.91975E+02  6.94761E+03  8.06899E-02  1.54208E+03  2.55739E+02
  2665    1433    1    1.20520E+05  1.11695E+02  6.94761E+03  8.06899E-02  1.54183E+03  2.55739E+02
  2665     929    2    1.20520E+05  1.11695E+02  6.94761E+03  8.06899E-02  2.62486E+04  5.67509E+02
  2666    1002    1    1.14604E+05  1.33289E+02  7.02150E+03  1.07157E-01  2.64079E+04  4.28927E+02
  2666    1434    2    1.14604E+05  1.33289E+02  7.02150E+03  1.07157E-01  1.67811E+03  2.58878E+02
  2667    1434    1    1.14593E+05  5.46958E+02  7.02150E+03  1.07157E-01  1.67835E+03  2.58878E+02
  2667    1058    2    1.14593E+05  5.46958E+02  7.02150E+03  1.07157E-01  2.97643E+04  1.97698E+03
  2668    1058    1    1.91856E+05  2.27370E+02  6.16323E+03  7.94801E-02  2.48456E+04  1.10949E+03
  2668    1435    2    1.91856E+05  2.27370E+02  6.16323E+03  7.94801E-02  1.92710E+02  2.00011E+02
  2669    1435    1    8.83931E+04  1.79319E+02  6.16323E+03  7.94801E-02  1.92729E+02  2.00011E+02
  2669    1106    2    8.83931E+04  1.79319E+02  6.16323E+03  7.94801E-02  2.44602E+04  5.17265E+02
  3234     935    1    3.87568E+05  2.83687E+01  1.10444E+04  6.23901E-02  4.98158E+04  2.53265E+02
  3234     971    2    3.87568E+05  2.83687E+01  1.10444E+04  6.23901E-02  5.00585E+04  3.31450E+02
  3235     971    1    3.96204E+05  1.53872E+01  1.10257E+04  6.82114E-02  4.98397E+04  3.10759E+02
  3235    1008    2    3.96204E+05  1.53872E+01  1.10257E+04  6.82114E-02  4.96830E+04  3.24924E+02
  3278     929    1    8.05186E+04  4.15013E+01  1.31024E+04  8.83074E-02  6.04489E+04  2.08493E+02
  3278     965    2    8.05186E+04  4.15013E+01  1.31024E+04  8.83074E-02  5.74726E+04  1.65019E+02
  3279     965    1    8.37381E+04  4.56792E+01  1.29908E+04  5.51777E-02  5.69836E+04  1.64578E+02
  3279    1002    2    8.37381E+04  4.56792E+01  1.29908E+04  5.51777E-02  5.99339E+04  2.46535E+02
  3416     939    1    3.85010E+04  7.24585E+01  4.18013E+03  4.54053E-02  2.19201E+04  4.58431E+02
  3416     974    2    3.85010E+04  7.24585E+01  4.18013E+03  4.54053E-02  1.57010E+04  1.93696E+02
  3417     974    1    4.15471E+04  6.16188E+01  4.18837E+03  6.46010E-02  1.57364E+04  1.43885E+02
  3417    1012    2    4.15471E+04  6.16188E+01  4.18837E+03  6.46010E-02  2.19589E+04  4.10684E+02
 35747     889    1    1.52937E+05  1.07808E+03  2.16848E+03  6.71101E-01  1.14521E+04  2.78156E+03
 35747    1196    2    1.52937E+05  1.07808E+03  2.16848E+03  6.71101E-01  3.52970E+03  1.53075E+03
 35748    1196    1    1.52937E+05  5.43200E+02  1.64071E+03  6.71101E-01  3.52963E+03  1.53075E+03
 35748     919    2    1.52937E+05  5.43200E+02  1.64071E+03  6.71101E-01  4.82863E+03  6.42048E+02
 35751     992    1    1.59436E+05  4.91393E+02  1.67926E+03  6.52013E-01  4.88269E+03  5.96105E+02
 35751    1197    2    1.59436E+05  4.91393E+02  1.67926E+03  6.52013E-01  3.65994E+03  1.36947E+03
 35752    1197    1    1.59439E+05  9.50788E+02  2.04418E+03  6.52013E-01  3.65999E+03  1.36947E+03
 35752    1047    2    1.59439E+05  9.50788E+02  2.04418E+03  6.52013E-01  1.15376E+04  2.43368E+03
 
 ELEMENT RESULTS FOR ZONE = P9PLANE_C  CASE COMBINATION  NUMBER =  2
 
 ELEMENT GROUP =  9  (BEAM)  RESULTS ARE MEASURED IN ELEMENT STRESS SYSTEM
 
    EL    NGLOB NLOC       FORCE-R      FORCE-S      FORCE-T     MOMENT-R     MOMENT-S     MOMENT-T
 
  1810     853    1    6.14536E+04  4.12837E+01  3.76974E+02  2.88427E-02  1.49312E+03  1.29649E+02
  1810    1169    2    6.14536E+04  4.12837E+01  3.76974E+02  2.88427E-02  1.47951E+01  3.54852E+01
  1811    1169    1    1.39913E+05  4.42224E+01  3.77230E+02  2.88427E-02  1.33792E+01  3.54852E+01
  1811     901    2    1.39913E+05  4.42224E+01  3.77230E+02  2.88427E-02  1.52226E+03  2.12375E+02
  1816    1066    1    1.42253E+05  4.96267E+01  3.77154E+02  3.50710E-02  1.51863E+03  2.28333E+02
  1816    1172    2    1.42253E+05  4.96267E+01  3.77154E+02  3.50710E-02  1.00794E+01  2.98258E+01
  1817    1172    1    5.38802E+04  3.93679E+01  3.76830E+02  3.50710E-02  1.18471E+01  2.98258E+01
  1817    1114    2    5.38802E+04  3.93679E+01  3.76830E+02  3.50710E-02  1.49553E+03  1.27646E+02
 
 ELEMENT RESULTS FOR ZONE = P13PLANE_C  CASE COMBINATION  NUMBER =  2
 
 ELEMENT GROUP =  13  (TRUSS)  RESULTS ARE MEASURED IN ELEMENT STRESS SYSTEM
 
    EL  POINT                 FORCE-R    STRESS-RR
 
  1597     1              5.68035E+05  4.34643E+07
  1600     1              1.58635E+04  1.21383E+06
  1605     1              4.35736E+05  3.33412E+07
  1607     1              5.91697E+05  4.52748E+07
  1610     1              5.46711E+05  4.18326E+07
  1612     1              4.40721E+05  3.37227E+07
  1615     1              5.98411E+05  4.57886E+07
  1617     1              9.73793E+03  7.45116E+05
  1623     1              5.70120E+05  4.36239E+07
  1625     1              5.41080E+05  4.14018E+07
 
 ELEMENT RESULTS FOR ZONE = P17PLANE_C  CASE COMBINATION  NUMBER =  2
 
 ELEMENT GROUP =  17  (BEAM)  RESULTS ARE MEASURED IN ELEMENT STRESS SYSTEM
 
    EL    NGLOB NLOC       FORCE-R      FORCE-S      FORCE-T     MOMENT-R     MOMENT-S     MOMENT-T
 
  3360     965    1    1.27139E+04  2.55265E+04  2.57890E+02  1.91444E-01  4.65884E+02  5.49301E+04
  3360     977    2    1.27139E+04  2.55265E+04  2.57890E+02  1.91444E-01  8.23567E+02  7.27024E+04
  3540     955    1    1.65273E+04  3.93586E+03  1.47551E+02  8.55835E+00  9.39024E+02  1.72215E+04
  3540     953    2    1.65273E+04  3.93586E+03  1.47551E+02  8.55835E+00  9.04408E+02  2.33179E+04
 
 ELEMENT RESULTS FOR ZONE = P18PLANE_C  CASE COMBINATION  NUMBER =  2
 
 ELEMENT GROUP =  18  (BEAM)  RESULTS ARE MEASURED IN ELEMENT STRESS SYSTEM
 
    EL    NGLOB NLOC       FORCE-R      FORCE-S      FORCE-T     MOMENT-R     MOMENT-S     MOMENT-T
 
  1231     945    1    2.45726E+04  3.91924E+03  1.04606E+02  2.97624E+00  7.65246E+02  1.86995E+04
  1231     974    2    2.45726E+04  3.91924E+03  1.04606E+02  2.97624E+00  2.86443E+02  2.01049E+04
  3354     942    1    8.57239E+04  2.40016E+04  7.74283E+03  6.35260E+01  1.39666E+03  4.82113E+04
  3354     919    2    8.57239E+04  2.40016E+04  7.74283E+03  6.35260E+01  3.23680E+04  4.77952E+04
  3355     974    1    2.48011E+04  9.23089E+02  1.00063E+02  3.09466E+00  4.26008E+02  9.99135E+03
  3355     971    2    2.48011E+04  9.23089E+02  1.00063E+02  3.09466E+00  4.74561E+02  1.71174E+03
  3356     971    1    5.23511E+03  4.36728E+04  2.85467E+01  8.07849E+00  4.79594E+01  1.01318E+05
  3356     979    2    5.23511E+03  4.36728E+04  2.85467E+01  8.07849E+00  1.27202E+02  1.17045E+05
  3357     979    1    7.24281E+03  4.20289E+04  8.72253E+01  5.24144E+00  1.27151E+02  9.23347E+04
  3357     968    2    7.24281E+03  4.20289E+04  8.72253E+01  5.24144E+00  4.43634E+02  7.57808E+04
  3358     968    1    7.82913E+03  3.37326E+04  1.12885E+02  3.72050E+00  2.60605E+02  5.82305E+04
  3358     978    2    7.82913E+03  3.37326E+04  1.12885E+02  3.72050E+00  2.02224E+02  8.00732E+04
  3359     978    1    8.82044E+03  3.55192E+04  6.56326E+01  5.47950E+00  2.02281E+02  8.19318E+04
  3359     965    2    8.82044E+03  3.55192E+04  6.56326E+01  5.47950E+00  2.79983E+02  5.65932E+04
  3368    1015    1    8.02915E+04  2.39087E+04  7.10062E+03  5.76463E+01  2.08310E+03  4.79656E+04
  3368     992    2    8.02915E+04  2.39087E+04  7.10062E+03  5.76463E+01  3.04856E+04  4.76692E+04
 
 ELEMENT RESULTS FOR ZONE = P19PLANE_C  CASE COMBINATION  NUMBER =  2
 
 ELEMENT GROUP =  19  (BEAM)  RESULTS ARE MEASURED IN ELEMENT STRESS SYSTEM
 
    EL    NGLOB NLOC       FORCE-R      FORCE-S      FORCE-T     MOMENT-R     MOMENT-S     MOMENT-T
 
  3343     992    1    1.32263E+04  2.72045E+03  2.24575E+02  3.87019E+01  2.30287E+03  1.19924E+04
  3343     990    2    1.32263E+04  2.72045E+03  2.24575E+02  3.87019E+01  1.02574E+01  1.76159E+04
  3344     919    1    1.45087E+04  2.85273E+03  1.83760E+02  4.28061E+01  1.88278E+03  1.19699E+04
  3344     917    2    1.45087E+04  2.85273E+03  1.83760E+02  4.28061E+01  9.94858E+00  1.83853E+04
  3352     943    1    1.48000E+05  2.76135E+04  2.20039E+03  1.70116E+00  3.56828E+02  6.26701E+04
  3352     929    2    1.48000E+05  2.76135E+04  2.20039E+03  1.70116E+00  8.47425E+03  4.50225E+04
  3353     929    1    1.03457E+05  2.54702E+04  2.78995E+03  5.46706E+01  1.25525E+04  5.79697E+04
  3353     942    2    1.03457E+05  2.54702E+04  2.78995E+03  5.46706E+01  1.39720E+03  6.93813E+04
  3366    1016    1    1.57982E+05  2.77806E+04  1.84581E+03  2.36487E+00  2.66144E+02  6.28796E+04
  3366    1002    2    1.57982E+05  2.77806E+04  1.84581E+03  2.36487E+00  7.03212E+03  4.54649E+04
  3367    1002    1    9.80701E+04  2.54825E+04  2.77562E+03  5.01330E+01  1.17945E+04  5.80191E+04
  3367    1015    2    9.80701E+04  2.54825E+04  2.77562E+03  5.01330E+01  2.08362E+03  6.93935E+04
 
 ELEMENT RESULTS FOR ZONE = P20PLANE_C  CASE COMBINATION  NUMBER =  2
 
 ELEMENT GROUP =  20  (BEAM)  RESULTS ARE MEASURED IN ELEMENT STRESS SYSTEM
 
    EL    NGLOB NLOC       FORCE-R      FORCE-S      FORCE-T     MOMENT-R     MOMENT-S     MOMENT-T
 
  1055     845    1    6.08220E+05  1.30402E+03  1.22387E+04  1.43789E+01  1.79066E+04  4.07103E+03
  1055     834    2    6.08220E+05  1.30402E+03  1.22387E+04  1.43789E+01  9.22416E+04  7.66511E+03
  1405    1106    1    6.01763E+05  1.19230E+03  1.23950E+04  1.24674E+01  1.90946E+04  3.64763E+03
  1405    1102    2    6.01763E+05  1.19230E+03  1.23950E+04  1.24674E+01  9.24602E+04  7.08311E+03
 
 ELEMENT RESULTS FOR ZONE = P39PLANE_C  CASE COMBINATION  NUMBER =  2
 
 ELEMENT GROUP =  39  (TRUSS)  RESULTS ARE MEASURED IN ELEMENT STRESS SYSTEM
 
    EL  POINT                 FORCE-R    STRESS-RR
 
  1599     1              2.33177E+05  2.60979E+07
  1611     1              4.13547E+05  4.62855E+07
  1626     1              2.35397E+05  2.63463E+07
  1627     1              4.17144E+05  4.66881E+07
 
 ELEMENT RESULTS FOR ZONE = P44PLANE_C  CASE COMBINATION  NUMBER =  2
 
 ELEMENT GROUP =  44  (BEAM)  RESULTS ARE MEASURED IN ELEMENT STRESS SYSTEM
 
    EL    NGLOB NLOC       FORCE-R      FORCE-S      FORCE-T     MOMENT-R     MOMENT-S     MOMENT-T
 
  1051     834    1    4.30624E+05  2.95530E+03  1.59640E+04  3.20011E+01  6.45229E+04  1.78550E+04
  1051     830    2    4.30624E+05  2.95530E+03  1.59640E+04  3.20011E+01  1.19786E+05  1.25845E+04
  1059     849    1    6.39242E+05  3.22732E+03  2.79822E+03  1.72871E+01  9.96761E+03  1.20743E+04
  1059     845    2    6.39242E+05  3.22732E+03  2.79822E+03  1.72871E+01  1.24352E+04  1.37443E+04
  1063     853    1    1.31027E+06  3.81780E+02  1.18061E+04  4.03084E+00  6.80263E+04  3.35094E+03
  1063     849    2    1.31027E+06  3.81780E+02  1.18061E+04  4.03084E+00  3.82290E+04  2.77832E+03
  1068     806    1    1.71362E+06  4.73394E+02  3.73477E+04  8.94364E+00  3.08401E+05  1.33412E+03
  1068     857    2    1.71362E+06  4.73394E+02  3.73477E+04  8.94364E+00  6.34514E+04  3.35248E+03
  1069     857    1    1.22887E+06  1.18548E+02  1.14082E+04  3.27372E+01  3.60977E+04  1.81744E+03
  1069     853    2    1.22887E+06  1.18548E+02  1.14082E+04  3.27372E+01  6.65759E+04  7.50513E+02
  1401    1102    1    4.23151E+05  3.19528E+03  1.44608E+04  3.69268E+01  6.23413E+04  1.92634E+04
  1401    1098    2    4.23151E+05  3.19528E+03  1.44608E+04  3.69268E+01  1.07445E+05  1.36480E+04
  1409    1110    1    6.14049E+05  3.08199E+03  2.58638E+03  1.52223E+01  1.21282E+04  1.15761E+04
  1409    1106    2    6.14049E+05  3.08199E+03  2.58638E+03  1.52223E+01  1.36152E+04  1.30798E+04
  1413    1114    1    1.28910E+06  3.24497E+02  1.23256E+04  1.10084E+00  7.00593E+04  2.14838E+03
  1413    1110    2    1.28910E+06  3.24497E+02  1.23256E+04  1.10084E+00  4.08710E+04  3.13628E+03
  1418    1074    1    1.69361E+06  6.39198E+02  3.75532E+04  4.72760E+00  3.09180E+05  2.34540E+03
  1418    1118    2    1.69361E+06  6.39198E+02  3.75532E+04  4.72760E+00  6.40675E+04  3.98265E+03
  1419    1118    1    1.20656E+06  1.15591E+02  1.17040E+04  2.82839E+01  3.67284E+04  1.22381E+03
  1419    1114    2    1.20656E+06  1.15591E+02  1.17040E+04  2.82839E+01  6.86074E+04  1.96489E+03
 
 ELEMENT RESULTS FOR ZONE = P49PLANE_C  CASE COMBINATION  NUMBER =  2
 
 ELEMENT GROUP =  49  (BEAM)  RESULTS ARE MEASURED IN ELEMENT STRESS SYSTEM
 
    EL    NGLOB NLOC       FORCE-R      FORCE-S      FORCE-T     MOMENT-R     MOMENT-S     MOMENT-T
 
  1120    4453    1    1.19899E+05  3.20236E+03  2.61930E+04  4.77099E+02  2.33323E+05  1.33847E+04
  1120     889    2    1.19899E+05  3.20236E+03  2.61930E+04  4.77099E+02  2.10797E+05  1.61388E+04
  1123     897    1    1.84979E+05  5.91307E+02  1.26651E+04  1.44160E+01  5.76472E+04  3.94233E+03
  1123     893    2    1.84979E+05  5.91307E+02  1.26651E+04  1.44160E+01  4.36734E+04  9.69246E+02
  1130     861    1    4.61002E+05  3.24122E+02  4.02689E+04  2.16985E+01  3.16290E+05  7.40080E+02
  1130     905    2    4.61002E+05  3.24122E+02  4.02689E+04  2.16985E+01  8.23722E+04  3.62725E+03
  1131     905    1    4.64578E+05  2.25957E+03  1.85435E+04  1.95003E+02  2.99295E+04  9.85583E+03
  1131     901    2    4.64578E+05  2.25957E+03  1.85435E+04  1.95003E+02  1.36962E+05  1.04803E+04
  1327    1019    1    4.51903E+05  3.01214E+02  4.01091E+04  1.49444E+01  3.16094E+05  1.74133E+03
  1327    1070    2    4.51903E+05  3.01214E+02  4.01091E+04  1.49444E+01  8.09856E+04  4.17408E+03
  1328    1070    1    4.55369E+05  1.55054E+03  1.77086E+04  1.91630E+02  2.80635E+04  8.31124E+03
  1328    1066    2    4.55369E+05  1.55054E+03  1.77086E+04  1.91630E+02  1.31314E+05  5.64358E+03
  3335     889    1    1.29415E+05  6.03118E+03  4.78821E+04  4.63584E+01  1.73842E+05  3.22685E+04
  3335     885    2    1.29415E+05  6.03118E+03  4.78821E+04  4.63584E+01  3.19344E+05  2.98526E+04
  3336     885    1    9.25600E+04  2.41854E+03  8.31317E+04  8.78891E+01  4.25213E+05  1.55463E+04
  3336     881    2    9.25600E+04  2.41854E+03  8.31317E+04  8.78891E+01  2.48154E+05  4.60149E+03
  3337     881    1    1.02190E+05  1.87754E+03  2.65459E+04  5.88901E+01  2.11676E+05  1.18411E+04
  3337     877    2    1.02190E+05  1.87754E+03  2.65459E+04  5.88901E+01  2.80026E+04  4.30572E+03
  3339    1043    1    8.46267E+04  1.61593E+03  7.82327E+04  5.32822E+01  4.01314E+05  1.39606E+04
  3339    1039    2    8.46267E+04  1.61593E+03  7.82327E+04  5.32822E+01  2.32371E+05  8.71566E+02
  3340    1039    1    8.15392E+04  8.71216E+02  2.52818E+04  2.13009E+01  1.98010E+05  9.30351E+03
  3340    1035    2    8.15392E+04  8.71216E+02  2.52818E+04  2.13009E+01  2.71369E+04  6.10206E+03
  3342    1047    1    1.03306E+05  5.83773E+03  4.56701E+04  4.45178E+01  1.67944E+05  3.14363E+04
  3342    1043    2    1.03306E+05  5.83773E+03  4.56701E+04  4.45178E+01  3.02457E+05  2.86924E+04
 29958    4457    1    9.33501E+04  3.19743E+03  2.84042E+04  4.83306E+02  2.29623E+05  1.22558E+04
 29958    1047    2    9.33501E+04  3.19743E+03  2.84042E+04  4.83306E+02  2.05195E+05  1.50056E+04
 30833     897    1    1.82919E+05  7.53824E+03  3.74202E+03  5.04387E+02  3.98680E+04  1.99775E+04
 30833    4692    2    1.82919E+05  7.53824E+03  3.74202E+03  5.04387E+02  3.30263E+04  1.05524E+04
 30834    4692    1    1.87091E+05  1.29859E+04  2.15976E+04  5.46354E+02  3.16708E+04  2.76516E+04
 30834     893    2    1.87091E+05  1.29859E+04  2.15976E+04  5.46354E+02  6.16124E+04  2.36425E+04
 30835     901    1    3.60350E+05  2.54022E+03  3.57877E+04  1.78698E+02  1.70930E+05  9.32418E+03
 30835    4691    2    3.60350E+05  2.54022E+03  3.57877E+04  1.78698E+02  9.79774E+03  5.88834E+03
 30836    4691    1    3.64960E+05  1.68716E+04  3.67852E+04  4.68024E+01  7.75123E+03  2.62424E+04
 30836     897    2    3.64960E+05  1.68716E+04  3.67852E+04  4.68024E+01  1.53053E+05  4.04006E+04
 30837     893    1    1.15242E+05  5.68870E+03  5.64287E+04  4.78792E+02  1.58848E+05  7.51756E+03
 30837    4693    2    1.15242E+05  5.68870E+03  5.64287E+04  4.78792E+02  6.96882E+04  1.62273E+04
 30838    4693    1    1.19899E+05  3.20236E+03  3.97415E+04  4.77099E+02  7.07807E+04  1.47587E+04
 30838    4453    2    1.19899E+05  3.20236E+03  3.97415E+04  4.77099E+02  2.33323E+05  1.33847E+04
 30851    1062    1    3.38518E+05  4.42951E+03  1.16834E+04  5.16679E+02  7.54335E+04  1.45962E+04
 30851    4695    2    3.38518E+05  4.42951E+03  1.16834E+04  5.16679E+02  3.83216E+04  1.01366E+04
 30852    4695    1    3.42767E+05  9.33535E+03  2.93479E+04  5.43674E+02  3.71172E+04  2.07303E+04
 30852    1058    2    3.42767E+05  9.33535E+03  2.93479E+04  5.43674E+02  8.86306E+04  1.61443E+04
 30853    1066    1    3.31436E+05  4.35102E+03  3.30520E+04  1.74176E+02  1.65322E+05  1.33341E+04
 30853    4694    2    3.31436E+05  4.35102E+03  3.30520E+04  1.74176E+02  5.11484E+03  8.63856E+03
 30854    4694    1    3.36043E+05  1.32618E+04  3.40869E+04  5.42728E+01  6.99577E+03  1.96665E+04
 30854    1062    2    3.36043E+05  1.32618E+04  3.40869E+04  5.42728E+01  1.34141E+05  3.27176E+04
 30855    1058    1    8.83395E+04  7.25517E+03  5.39812E+04  4.86201E+02  1.43723E+05  1.10008E+04
 30855    4696    2    8.83395E+04  7.25517E+03  5.39812E+04  4.86201E+02  7.49005E+04  1.83827E+04
 30856    4696    1    9.33501E+04  3.19743E+03  3.75420E+04  4.83306E+02  7.60765E+04  1.27221E+04
 30856    4457    2    9.33501E+04  3.19743E+03  3.75420E+04  4.83306E+02  2.29623E+05  1.22558E+04
 
 ELEMENT RESULTS FOR ZONE = P50PLANE_C  CASE COMBINATION  NUMBER =  2
 
 ELEMENT GROUP =  50  (BEAM)  RESULTS ARE MEASURED IN ELEMENT STRESS SYSTEM
 
    EL    NGLOB NLOC       FORCE-R      FORCE-S      FORCE-T     MOMENT-R     MOMENT-S     MOMENT-T
 
  3338     877    1    4.86046E+05  3.44193E+03  2.23207E+04  2.43509E+01  3.55201E+04  1.25801E+04
  3338     873    2    4.86046E+05  3.44193E+03  2.23207E+04  2.43509E+01  1.37677E+05  1.39227E+04
  3341    1035    1    4.36628E+05  6.12093E+03  2.09769E+04  1.79342E+01  3.62551E+04  2.24124E+04
  3341    1031    2    4.36628E+05  6.12093E+03  2.09769E+04  1.79342E+01  1.25267E+05  2.47188E+04
  4094     873    1    5.18226E+05  1.07379E+03  5.87356E+03  1.47271E+02  1.27803E+05  3.69232E+03
  4094    1679    2    5.18226E+05  1.07379E+03  5.87356E+03  1.47271E+02  1.10626E+05  4.70951E+02
  4095    1679    1    5.18566E+05  1.78830E+03  5.93029E+03  2.36796E+02  1.10354E+05  6.34741E+02
  4095    1910    2    5.18566E+05  1.78830E+03  5.93029E+03  2.36796E+02  9.41683E+04  4.37250E+03
  4096    1910    1    5.18985E+05  1.38566E+03  6.22251E+03  1.26626E+02  9.38330E+04  4.22276E+03
  4096     869    2    5.18985E+05  1.38566E+03  6.22251E+03  1.26626E+02  7.19114E+04  1.62719E+03
  4104    1031    1    4.41688E+05  2.59177E+03  6.14794E+03  2.28417E+02  1.15740E+05  1.00019E+04
  4104    1691    2    4.41688E+05  2.59177E+03  6.14794E+03  2.28417E+02  9.72958E+04  2.22660E+03
  4105    1691    1    4.41960E+05  6.73922E+02  6.11214E+03  1.69351E+02  9.70780E+04  2.06903E+03
  4105    1913    2    4.41960E+05  6.73922E+02  6.11214E+03  1.69351E+02  7.99641E+04  1.82047E+02
  4106    1913    1    4.42284E+05  7.77372E+02  6.27269E+03  6.84973E+01  7.97061E+04  2.06249E+02
  4106    1027    2    4.42284E+05  7.77372E+02  6.27269E+03  6.84973E+01  5.75612E+04  2.76608E+03
 
 ELEMENT RESULTS FOR ZONE = P51PLANE_C  CASE COMBINATION  NUMBER =  2
 
 ELEMENT GROUP =  51  (BEAM)  RESULTS ARE MEASURED IN ELEMENT STRESS SYSTEM
 
    EL    NGLOB NLOC       FORCE-R      FORCE-S      FORCE-T     MOMENT-R     MOMENT-S     MOMENT-T
 
  1176     865    1    3.92867E+05  8.97011E+02  6.83010E+03  6.45528E+01  4.57617E+04  6.00997E+03
  1176      18    2    3.92867E+05  8.97011E+02  6.83010E+03  6.45528E+01  0.00000E+00  0.00000E+00
  1380    1023    1    3.37931E+05  1.02867E+03  6.76181E+03  4.80407E+01  4.53041E+04  6.89206E+03
  1380      29    2    3.37931E+05  1.02867E+03  6.76181E+03  4.80407E+01  0.00000E+00  0.00000E+00
  4097     869    1    3.98514E+05  5.62632E+03  7.29872E+03  1.26412E+03  7.98875E+04  1.62223E+04
  4097    1702    2    3.98514E+05  5.62632E+03  7.29872E+03  1.26412E+03  7.47784E+04  1.22839E+04
  4098    1702    1    3.98514E+05  4.07691E+03  7.29872E+03  1.38003E+02  7.47784E+04  1.22839E+04
  4098     865    2    3.98514E+05  4.07691E+03  7.29872E+03  1.38003E+02  2.28623E+04  1.74776E+04
  4107    1027    1    3.42401E+05  5.40204E+03  5.97854E+03  7.59724E+02  6.36184E+04  1.70036E+04
  4107    1714    2    3.42401E+05  5.40204E+03  5.97854E+03  7.59724E+02  6.02517E+04  1.32222E+04
  4108    1714    1    3.42401E+05  4.31919E+03  5.97854E+03  1.06556E+02  6.02517E+04  1.32222E+04
  4108    1023    2    3.42401E+05  4.31919E+03  5.97854E+03  1.06556E+02  2.51420E+04  1.83079E+04
 
 ELEMENT RESULTS FOR ZONE = P52PLANE_C  CASE COMBINATION  NUMBER =  2
 
 ELEMENT GROUP =  52  (BEAM)  RESULTS ARE MEASURED IN ELEMENT STRESS SYSTEM
 
    EL    NGLOB NLOC       FORCE-R      FORCE-S      FORCE-T     MOMENT-R     MOMENT-S     MOMENT-T
 
  3361     977    1    1.46226E+04  3.20964E+04  3.83769E+02  2.13124E-01  8.23426E+02  6.65412E+04
  3361     955    2    1.46226E+04  3.20964E+04  3.83769E+02  2.13124E-01  7.11651E+02  6.18445E+04
 
 ELEMENT RESULTS FOR ZONE = P53PLANE_C  CASE COMBINATION  NUMBER =  2
 
 ELEMENT GROUP =  53  (TRUSS)  RESULTS ARE MEASURED IN ELEMENT STRESS SYSTEM
 
    EL  POINT                 FORCE-R    STRESS-RR
 
  1596     1              3.70104E+05  3.21020E+07
  1598     1              3.74803E+05  3.25096E+07
  1608     1              5.16151E+05  4.47698E+07
  1609     1              5.87522E+05  5.09603E+07
  1614     1              5.15786E+05  4.47382E+07
  1616     1              3.70983E+05  3.21782E+07
  1622     1              5.93312E+05  5.14626E+07
  1624     1              3.79725E+05  3.29365E+07
  2944     1              6.17070E+05  5.35233E+07
  2945     1              6.20443E+05  5.38158E+07
  3188     1              2.63114E+05  2.28220E+07
  3189     1              2.61938E+05  2.27199E+07
 
 ELEMENT RESULTS FOR ZONE = P57PLANE_C  CASE COMBINATION  NUMBER =  2
 
 ELEMENT GROUP =  57  (BEAM)  RESULTS ARE MEASURED IN ELEMENT STRESS SYSTEM
 
    EL    NGLOB NLOC       FORCE-R      FORCE-S      FORCE-T     MOMENT-R     MOMENT-S     MOMENT-T
 
  1044     826    1    2.20228E+05  1.21878E+03  2.08257E+03  1.06933E+01  4.33222E+04  5.18636E+03
  1044     822    2    2.20228E+05  1.21878E+03  2.08257E+03  1.06933E+01  3.04454E+04  5.29511E+03
  1047     830    1    4.11054E+05  1.57066E+03  2.68084E+04  1.92177E+01  1.40398E+05  5.12120E+03
  1047     826    2    4.11054E+05  1.57066E+03  2.68084E+04  1.92177E+01  7.67500E+04  7.60111E+03
  1394    1094    1    1.80612E+05  1.04885E+03  1.97262E+03  3.13067E+00  3.69776E+04  4.76632E+03
  1394    1090    2    1.80612E+05  1.04885E+03  1.97262E+03  3.13067E+00  2.61438E+04  4.46164E+03
  1397    1098    1    4.04355E+05  1.05352E+03  2.39661E+04  1.18514E+01  1.26482E+05  2.84744E+03
  1397    1094    2    4.04355E+05  1.05352E+03  2.39661E+04  1.18514E+01  6.76430E+04  5.68610E+03
 
 ELEMENT RESULTS FOR ZONE = P67PLANE_C  CASE COMBINATION  NUMBER =  2
 
 ELEMENT GROUP =  67  (BEAM)  RESULTS ARE MEASURED IN ELEMENT STRESS SYSTEM
 
    EL    NGLOB NLOC       FORCE-R      FORCE-S      FORCE-T     MOMENT-R     MOMENT-S     MOMENT-T
 
  2043     810    1    8.16355E+04  8.64454E+02  5.82714E+03  2.84988E+00  2.17424E+04  4.75598E+02
  2043    1255    2    8.16355E+04  8.64454E+02  5.82714E+03  2.84988E+00  1.56615E+03  2.98222E+03
  2044    1255    1    8.16614E+04  1.60585E+03  5.74570E+03  2.84988E+00  1.56646E+03  2.98222E+03
  2044     865    2    8.16614E+04  1.60585E+03  5.74570E+03  2.84988E+00  2.45492E+04  3.44117E+03
  2045    1023    1    7.89710E+04  4.97013E+02  4.53707E+03  3.32684E+00  1.97859E+04  1.11851E+03
  2045    1256    2    7.89710E+04  4.97013E+02  4.53707E+03  3.32684E+00  1.63762E+03  8.69543E+02
  2046    1256    1    7.89840E+04  3.35993E+02  4.53707E+03  3.32684E+00  1.63735E+03  8.69543E+02
  2046    1078    2    7.89840E+04  3.35993E+02  4.53707E+03  3.32684E+00  1.65109E+04  4.74427E+02
 
 ELEMENT RESULTS FOR ZONE = P81PLANE_C  CASE COMBINATION  NUMBER =  2
 
 ELEMENT GROUP =  81  (BEAM)  RESULTS ARE MEASURED IN ELEMENT STRESS SYSTEM
 
    EL    NGLOB NLOC       FORCE-R      FORCE-S      FORCE-T     MOMENT-R     MOMENT-S     MOMENT-T
 
  1863     834    1    1.33886E+05  1.14514E+03  6.80959E+03  2.11441E+00  3.15654E+04  3.44044E+03
  1863    1203    2    1.33886E+05  1.14514E+03  6.80959E+03  2.11441E+00  5.55629E+03  1.14013E+03
  1864    1203    1    1.03545E+05  4.86923E+02  6.77517E+03  2.11441E+00  5.55649E+03  1.14013E+03
  1864     889    2    1.03545E+05  4.86923E+02  6.77517E+03  2.11441E+00  2.66228E+04  3.08782E+03
  1869    1047    1    1.10908E+05  4.17093E+02  7.35098E+03  2.13335E+00  2.90435E+04  2.84947E+03
  1869    1206    2    1.10908E+05  4.17093E+02  7.35098E+03  2.13335E+00  5.64413E+03  1.18110E+03
  1870    1206    1    1.39505E+05  1.17260E+03  7.43912E+03  2.13335E+00  5.64393E+03  1.18110E+03
  1870    1102    2    1.39505E+05  1.17260E+03  7.43912E+03  2.13335E+00  3.27996E+04  3.50932E+03
 
 ELEMENT RESULTS FOR ZONE = P173PLANE_C  CASE COMBINATION  NUMBER =  2
 
 ELEMENT GROUP = 173  (TRUSS)  RESULTS ARE MEASURED IN ELEMENT STRESS SYSTEM
 
    EL  POINT                 FORCE-R    STRESS-RR
 
  1601     1              4.26833E+05  5.72162E+07
  1603     1              1.50127E+05  2.01242E+07
  1618     1              3.98388E+05  5.34032E+07
  1620     1              1.38975E+05  1.86294E+07
  3170     1              1.16257E+05  1.55841E+07
  3171     1              9.49213E+04  1.27240E+07
 
 ELEMENT RESULTS FOR ZONE = P174PLANE_C  CASE COMBINATION  NUMBER =  2
 
 ELEMENT GROUP = 174  (TRUSS)  RESULTS ARE MEASURED IN ELEMENT STRESS SYSTEM
 
    EL  POINT                 FORCE-R    STRESS-RR
 
  1602     1              4.36149E+05  2.54071E+07
  1604     1              2.81778E+05  1.64145E+07
  1606     1              8.36772E+05  4.87448E+07
  1613     1              8.38216E+05  4.88289E+07
  1619     1              4.01860E+05  2.34097E+07
  1621     1              2.37975E+05  1.38628E+07
  2943     1              2.56113E+05  1.49194E+07
  2946     1              2.43718E+05  1.41974E+07
  3168     1              8.36068E+04  4.87037E+06
  3169     1              7.71361E+04  4.49344E+06
 
 ELEMENT RESULTS FOR ZONE = P184PLANE_C  CASE COMBINATION  NUMBER =  2
 
 ELEMENT GROUP = 184  (BEAM)  RESULTS ARE MEASURED IN ELEMENT STRESS SYSTEM
 
    EL    NGLOB NLOC       FORCE-R      FORCE-S      FORCE-T     MOMENT-R     MOMENT-S     MOMENT-T
 
  4101    1907    1    2.78909E+05  2.30480E+02  1.67278E+03  5.12863E+00  2.52187E+04  1.75741E+03
  4101     814    2    2.78909E+05  2.30480E+02  1.67278E+03  5.12863E+00  2.36278E+04  1.68316E+03
  4102     814    1    2.84707E+05  6.83348E+03  7.05035E+03  9.39806E+01  3.19238E+04  5.17196E+03
  4102    1696    2    2.84707E+05  6.83348E+03  7.05035E+03  9.39806E+01  2.69886E+04  1.23421E+03
  4103    1696    1    2.84757E+05  5.43989E+02  6.66990E+03  6.15936E+00  2.69473E+04  1.34274E+03
  4103     810    2    2.84757E+05  5.43989E+02  6.66990E+03  6.15936E+00  2.17430E+04  2.62838E+03
  4111    1916    1    2.15334E+05  2.17061E+03  1.41429E+03  2.00441E+01  1.75719E+04  4.84947E+03
  4111    1082    2    2.15334E+05  2.17061E+03  1.41429E+03  2.00441E+01  1.24882E+04  2.96474E+03
  4112    1082    1    2.39551E+05  4.92716E+03  1.31593E+04  2.80098E+02  1.13434E+04  1.71780E+04
  4112    1708    2    2.39551E+05  4.92716E+03  1.31593E+04  2.80098E+02  2.13192E+03  1.37290E+04
  4113    1708    1    2.39610E+05  9.30076E+02  4.13630E+03  2.96399E+01  1.36820E+04  2.23998E+03
  4113    1078    2    2.39610E+05  9.30076E+02  4.13630E+03  2.96399E+01  1.65129E+04  4.54957E+03
 
 ELEMENT RESULTS FOR ZONE = P186PLANE_C  CASE COMBINATION  NUMBER =  2
 
 ELEMENT GROUP = 186  (BEAM)  RESULTS ARE MEASURED IN ELEMENT STRESS SYSTEM
 
    EL    NGLOB NLOC       FORCE-R      FORCE-S      FORCE-T     MOMENT-R     MOMENT-S     MOMENT-T
 
  1041     822    1    2.15756E+05  1.94747E+03  4.15225E+03  2.26551E+00  1.56972E+04  6.17897E+03
  1041     818    2    2.15756E+05  1.94747E+03  4.15225E+03  2.26551E+00  3.77174E+04  8.81658E+03
  1391    1090    1    2.01597E+05  1.90516E+03  4.04708E+03  1.49537E+00  1.53257E+04  6.26766E+03
  1391    1086    2    2.01597E+05  1.90516E+03  4.04708E+03  1.49537E+00  3.69153E+04  8.40211E+03
  4099     818    1    2.78874E+05  1.88220E+03  1.64924E+03  1.04746E+01  2.85303E+04  6.97858E+03
  4099    1670    2    2.78874E+05  1.88220E+03  1.64924E+03  1.04746E+01  2.67636E+04  1.33198E+03
  4100    1670    1    2.78886E+05  1.15929E+03  1.64631E+03  6.73324E+00  2.67539E+04  1.49501E+03
  4100    1907    2    2.78886E+05  1.15929E+03  1.64631E+03  6.73324E+00  2.52373E+04  1.91815E+03
  4109    1086    1    2.15191E+05  3.81746E+03  1.94466E+03  4.44569E+01  2.84147E+04  1.06606E+04
  4109    1684    2    2.15191E+05  3.81746E+03  1.94466E+03  4.44569E+01  2.25807E+04  1.13257E+03
  4110    1684    1    2.15248E+05  1.57912E+03  1.74833E+03  6.53936E+00  2.25355E+04  1.29686E+03
  4110    1916    2    2.15248E+05  1.57912E+03  1.74833E+03  6.53936E+00  1.76402E+04  4.99922E+03
 
 ELEMENT RESULTS FOR ZONE = P197PLANE_C  CASE COMBINATION  NUMBER =  2
 
 ELEMENT GROUP = 197  (BEAM)  RESULTS ARE MEASURED IN ELEMENT STRESS SYSTEM
 
    EL    NGLOB NLOC       FORCE-R      FORCE-S      FORCE-T     MOMENT-R     MOMENT-S     MOMENT-T
 
  3256     932    1    9.60314E+04  1.20676E+02  1.56495E+04  1.80474E-01  7.24251E+04  5.94082E+02
  3256     968    2    9.60314E+04  1.20676E+02  1.56495E+04  1.80474E-01  6.84204E+04  4.92005E+02
  3257     968    1    1.01956E+05  1.15617E+02  1.55524E+04  1.42954E-01  6.80394E+04  4.41915E+02
  3257    1005    2    1.01956E+05  1.15617E+02  1.55524E+04  1.42954E-01  7.19320E+04  5.98638E+02
 
 ELEMENT RESULTS FOR ZONE = P198PLANE_C  CASE COMBINATION  NUMBER =  2
 
 ELEMENT GROUP = 198  (BEAM)  RESULTS ARE MEASURED IN ELEMENT STRESS SYSTEM
 
    EL    NGLOB NLOC       FORCE-R      FORCE-S      FORCE-T     MOMENT-R     MOMENT-S     MOMENT-T
 
  3445     919    1    1.56389E+05  2.65152E+02  1.08928E+04  1.90590E+00  5.39621E+04  1.43892E+03
  3445     955    2    1.56389E+05  2.65152E+02  1.08928E+04  1.90590E+00  4.40732E+04  9.47450E+02
  3446     955    1    1.58203E+05  2.59585E+02  1.07318E+04  1.80731E+00  4.33968E+04  9.26178E+02
  3446     992    2    1.58203E+05  2.59585E+02  1.07318E+04  1.80731E+00  5.31894E+04  1.41009E+03
 
 ELEMENT RESULTS FOR ZONE = P205PLANE_C  CASE COMBINATION  NUMBER =  2
 
 ELEMENT GROUP = 205  (BEAM)  RESULTS ARE MEASURED IN ELEMENT STRESS SYSTEM
 
    EL    NGLOB NLOC       FORCE-R      FORCE-S      FORCE-T     MOMENT-R     MOMENT-S     MOMENT-T
 
  3543     917    1    7.22982E+05  1.63566E+03  7.99581E+03  3.38796E+00  5.44373E+04  1.15478E+04
  3543     953    2    7.22982E+05  1.63566E+03  7.99581E+03  3.38796E+00  1.75250E+04  3.17314E+03
  3544     953    1    6.99118E+05  1.35713E+03  7.83644E+03  3.37391E+00  1.66289E+04  2.22167E+03
  3544     990    2    6.99118E+05  1.35713E+03  7.83644E+03  3.37391E+00  5.38990E+04  9.99253E+03
 
 ELEMENT RESULTS FOR ZONE = P211PLANE_C  CASE COMBINATION  NUMBER =  2
 
 ELEMENT GROUP = 211  (BEAM)  RESULTS ARE MEASURED IN ELEMENT STRESS SYSTEM
 
    EL    NGLOB NLOC       FORCE-R      FORCE-S      FORCE-T     MOMENT-R     MOMENT-S     MOMENT-T
 
  1188     909    1    2.98330E+05  6.29274E+03  2.23029E+03  4.35670E+00  1.02839E+04  3.47768E+04
  1188     939    2    2.98330E+05  6.29274E+03  2.23029E+03  4.35670E+00  1.17959E+04  2.75214E+04
  1278     982    1    2.93621E+05  6.31138E+03  2.04998E+03  4.44364E+00  9.32098E+03  3.48743E+04
  1278    1012    2    2.93621E+05  6.31138E+03  2.04998E+03  4.44364E+00  1.09739E+04  2.76083E+04
  3348     939    1    4.92066E+05  1.97358E+03  2.09135E+03  6.65920E+00  9.68525E+03  1.20980E+04
  3348     935    2    4.92066E+05  1.97358E+03  2.09135E+03  6.65920E+00  9.13693E+03  5.66424E+03
  3349     935    1    6.21535E+05  3.11068E+04  3.35073E+03  1.08394E+01  1.37639E+04  7.70611E+04
  3349     944    2    6.21535E+05  3.11068E+04  3.35073E+03  1.08394E+01  2.98972E+03  7.84730E+04
  3350     944    1    6.49108E+05  3.54988E+04  2.52412E+03  1.13710E+01  2.98928E+03  7.27614E+04
  3350     932    2    6.49108E+05  3.54988E+04  2.52412E+03  1.13710E+01  1.30857E+04  6.92336E+04
  3351     932    1    1.68240E+05  2.82962E+04  1.71559E+03  3.68712E+00  7.14069E+03  5.04844E+04
  3351     943    2    1.68240E+05  2.82962E+04  1.71559E+03  3.68712E+00  3.56327E+02  6.55300E+04
  3362    1012    1    4.78898E+05  2.06350E+03  2.02542E+03  9.57574E+00  9.19064E+03  1.24175E+04
  3362    1008    2    4.78898E+05  2.06350E+03  2.02542E+03  9.57574E+00  9.03811E+03  6.15403E+03
  3363    1008    1    6.10090E+05  3.08920E+04  3.28332E+03  1.24529E+01  1.37178E+04  7.66688E+04
  3363    1017    2    6.10090E+05  3.08920E+04  3.28332E+03  1.24529E+01  2.69881E+03  7.77914E+04
  3364    1017    1    6.37586E+05  3.59205E+04  2.37265E+03  1.17200E+01  2.69837E+03  7.34523E+04
  3364    1005    2    6.37586E+05  3.59205E+04  2.37265E+03  1.17200E+01  1.21890E+04  7.02298E+04
  3365    1005    1    1.78202E+05  2.80577E+04  1.34608E+03  3.82843E+00  5.68502E+03  5.00879E+04
  3365    1016    2    1.78202E+05  2.80577E+04  1.34608E+03  3.82843E+00  2.65742E+02  6.49486E+04
 
 ELEMENT RESULTS FOR ZONE = P212PLANE_C  CASE COMBINATION  NUMBER =  2
 
 ELEMENT GROUP = 212  (BEAM)  RESULTS ARE MEASURED IN ELEMENT STRESS SYSTEM
 
    EL    NGLOB NLOC       FORCE-R      FORCE-S      FORCE-T     MOMENT-R     MOMENT-S     MOMENT-T
 
  3541     885    1    7.25375E+05  3.57913E+03  6.05409E+03  6.56062E+00  8.44855E+04  1.63705E+03
  3541    1614    2    7.25375E+05  3.57913E+03  6.05409E+03  6.56062E+00  5.66972E+04  1.65016E+04
  3542    1614    1    7.25835E+05  8.23820E+03  6.05409E+03  6.56062E+00  5.66964E+04  1.65016E+04
  3542     917    2    7.25835E+05  8.23820E+03  6.05409E+03  6.56062E+00  3.60520E+04  1.15906E+04
  3545     990    1    7.01838E+05  6.93246E+03  5.34961E+03  6.88350E+00  3.62832E+04  1.00312E+04
  3545    1620    2    7.01838E+05  6.93246E+03  5.34961E+03  6.88350E+00  5.45253E+04  1.36085E+04
  3546    1620    1    7.01330E+05  2.53128E+03  5.34961E+03  6.88350E+00  5.45259E+04  1.36085E+04
  3546    1043    2    7.01330E+05  2.53128E+03  5.34961E+03  6.88350E+00  7.90806E+04  2.00665E+03
 
 ELEMENT RESULTS FOR ZONE = P213PLANE_C  CASE COMBINATION  NUMBER =  2
 
 ELEMENT GROUP = 213  (BEAM)  RESULTS ARE MEASURED IN ELEMENT STRESS SYSTEM
 
    EL    NGLOB NLOC       FORCE-R      FORCE-S      FORCE-T     MOMENT-R     MOMENT-S     MOMENT-T
 
  3940     942    1    1.14547E+04  4.95288E+03  1.96873E+04  5.38874E-01  1.03069E+05  1.18197E+02
  3940    1870    2    1.14547E+04  4.95288E+03  1.96873E+04  5.38874E-01  8.33815E+04  4.83469E+03
  3941    1870    1    1.14547E+04  2.54468E+03  1.96873E+04  5.38874E-01  8.33815E+04  4.83469E+03
  3941    1871    2    1.14547E+04  2.54468E+03  1.96873E+04  5.38874E-01  3.90851E+04  8.90844E+02
  3942    1871    1    1.14547E+04  4.32357E+02  1.96873E+04  5.38874E-01  3.90851E+04  8.90844E+02
  3942    1872    2    1.14547E+04  4.32357E+02  1.96873E+04  5.38874E-01  5.21130E+03  1.29875E+02
  3943    1872    1    1.14547E+04  8.59470E+01  1.96873E+04  5.38874E-01  5.21130E+03  1.29875E+02
  3943    1873    2    1.14547E+04  8.59470E+01  1.96873E+04  5.38874E-01  4.95077E+04  6.72697E+01
  3944    1873    1    1.14547E+04  3.12337E+02  1.96873E+04  5.38874E-01  4.95077E+04  6.72697E+01
  3944     977    2    1.14547E+04  3.12337E+02  1.96873E+04  5.38874E-01  7.41168E+04  3.23152E+02
  3945     977    1    1.12651E+04  3.29322E+02  1.94456E+04  5.23123E-01  7.30815E+04  3.23475E+02
  3945    1874    2    1.12651E+04  3.29322E+02  1.94456E+04  5.23123E-01  4.87745E+04  8.81781E+01
  3946    1874    1    1.12651E+04  1.01793E+02  1.94456E+04  5.23123E-01  4.87745E+04  8.81781E+01
  3946    1875    2    1.12651E+04  1.01793E+02  1.94456E+04  5.23123E-01  5.02187E+03  1.40855E+02
  3947    1875    1    1.12651E+04  3.82687E+02  1.94456E+04  5.23123E-01  5.02187E+03  1.40855E+02
  3947    1876    2    1.12651E+04  3.82687E+02  1.94456E+04  5.23123E-01  3.87307E+04  7.71997E+02
  3948    1876    1    1.12651E+04  2.21743E+03  1.94456E+04  5.23123E-01  3.87307E+04  7.71997E+02
  3948    1877    2    1.12651E+04  2.21743E+03  1.94456E+04  5.23123E-01  8.24833E+04  4.21722E+03
  3949    1877    1    1.12651E+04  4.32500E+03  1.94456E+04  5.23123E-01  8.24833E+04  4.21722E+03
  3949    1015    2    1.12651E+04  4.32500E+03  1.94456E+04  5.23123E-01  1.01929E+05  1.07779E+02
  3980     944    1    8.21433E+03  8.26613E+02  2.75730E+04  4.74804E-01  1.39479E+05  9.96886E+00
  3980    1806    2    8.21433E+03  8.26613E+02  2.75730E+04  4.74804E-01  1.11906E+05  8.36582E+02
  3981    1806    1    8.21433E+03  4.36200E+02  2.75730E+04  4.74804E-01  1.11906E+05  8.36582E+02
  3981    1807    2    8.21433E+03  4.36200E+02  2.75730E+04  4.74804E-01  4.98667E+04  1.48484E+02
  3982    1807    1    8.21433E+03  7.98870E+01  2.75730E+04  4.74804E-01  4.98667E+04  1.48484E+02
  3982    1808    2    8.21433E+03  7.98870E+01  2.75730E+04  4.74804E-01  1.21726E+04  3.48781E+01
  3983    1808    1    8.21433E+03  1.14455E+01  2.75730E+04  4.74804E-01  1.21726E+04  3.48781E+01
  3983    1809    2    8.21433E+03  1.14455E+01  2.75730E+04  4.74804E-01  7.42120E+04  3.16203E+01
  3984    1809    1    8.21433E+03  3.14783E+01  2.75730E+04  4.74804E-01  7.42120E+04  3.16203E+01
  3984     979    2    8.21433E+03  3.14783E+01  2.75730E+04  4.74804E-01  1.08678E+05  7.09682E+01
  3985     979    1    8.98932E+03  2.72003E+01  2.74962E+04  4.90091E-01  1.08323E+05  7.40918E+01
  3985    1810    2    8.98932E+03  2.72003E+01  2.74962E+04  4.90091E-01  7.39532E+04  4.00915E+01
  3986    1810    1    8.98932E+03  9.57822E+00  2.74962E+04  4.90091E-01  7.39532E+04  4.00915E+01
  3986    1811    2    8.98932E+03  9.57822E+00  2.74962E+04  4.90091E-01  1.20868E+04  6.16425E+01
  3987    1811    1    8.98932E+03  9.17499E+01  2.74962E+04  4.90091E-01  1.20868E+04  6.16425E+01
  3987    1812    2    8.98932E+03  9.17499E+01  2.74962E+04  4.90091E-01  4.97795E+04  1.46850E+02
  3988    1812    1    8.98932E+03  4.73752E+02  2.74962E+04  4.90091E-01  4.97795E+04  1.46850E+02
  3988    1813    2    8.98932E+03  4.73752E+02  2.74962E+04  4.90091E-01  1.11646E+05  9.21148E+02
  3989    1813    1    8.98932E+03  9.10667E+02  2.74962E+04  4.90091E-01  1.11646E+05  9.21148E+02
  3989    1017    2    8.98932E+03  9.10667E+02  2.74962E+04  4.90091E-01  1.39142E+05  1.04801E+01
  4024     943    1    1.23139E+04  4.84798E+02  2.12109E+04  5.30091E-01  1.07129E+05  5.35584E+00
  4024    1838    2    1.23139E+04  4.84798E+02  2.12109E+04  5.30091E-01  8.59185E+04  4.89025E+02
  4025    1838    1    1.23139E+04  2.49515E+02  2.12109E+04  5.30091E-01  8.59185E+04  4.89025E+02
  4025    1839    2    1.23139E+04  2.49515E+02  2.12109E+04  5.30091E-01  3.81939E+04  7.23845E+01
  4026    1839    1    1.23139E+04  4.54798E+01  2.12109E+04  5.30091E-01  3.81939E+04  7.23845E+01
  4026    1840    2    1.23139E+04  4.54798E+01  2.12109E+04  5.30091E-01  9.53065E+03  2.99451E+01
  4027    1840    1    1.23139E+04  1.93951E+01  2.12109E+04  5.30091E-01  9.53065E+03  2.99451E+01
  4027    1841    2    1.23139E+04  1.93951E+01  2.12109E+04  5.30091E-01  5.72552E+04  6.69915E+01
  4028    1841    1    1.23139E+04  4.58803E+01  2.12109E+04  5.30091E-01  5.72552E+04  6.69915E+01
  4028     978    2    1.23139E+04  4.58803E+01  2.12109E+04  5.30091E-01  8.37688E+04  9.64116E+00
  4029     978    1    1.18329E+04  4.70813E+01  2.10722E+04  4.44356E-01  8.31420E+04  1.04527E+01
  4029    1842    2    1.18329E+04  4.70813E+01  2.10722E+04  4.44356E-01  5.68018E+04  6.01202E+01
  4030    1842    1    1.18329E+04  1.31877E+01  2.10722E+04  4.44356E-01  5.68018E+04  6.01202E+01
  4030    1843    2    1.18329E+04  1.31877E+01  2.10722E+04  4.44356E-01  9.38935E+03  4.22823E+01
  4031    1843    1    1.18329E+04  4.84074E+01  2.10722E+04  4.44356E-01  9.38935E+03  4.22823E+01
  4031    1844    2    1.18329E+04  4.84074E+01  2.10722E+04  4.44356E-01  3.80265E+04  6.66344E+01
  4032    1844    1    1.18329E+04  2.54473E+02  2.10722E+04  4.44356E-01  3.80265E+04  6.66344E+01
  4032    1845    2    1.18329E+04  2.54473E+02  2.10722E+04  4.44356E-01  8.54356E+04  5.05930E+02
  4033    1845    1    1.18329E+04  4.99737E+02  2.10722E+04  4.44356E-01  8.54356E+04  5.05930E+02
  4033    1016    2    1.18329E+04  4.99737E+02  2.10722E+04  4.44356E-01  1.06508E+05  6.19330E+00

 
 Barh wind load
 
 ELEMENT RESULTS FOR ZONE = P7PLANE_F  CASE COMBINATION  NUMBER =  2
 
 ELEMENT GROUP =  7  (BEAM)  RESULTS ARE MEASURED IN ELEMENT STRESS SYSTEM
 
    EL    NGLOB NLOC       FORCE-R      FORCE-S      FORCE-T     MOMENT-R     MOMENT-S     MOMENT-T
 
   637     400    1    9.81584E+04  1.55413E+02  7.37477E+03  5.67223E-02  3.14348E+04  3.38731E+02
   637     677    2    9.81584E+04  1.55413E+02  7.37477E+03  5.67223E-02  1.93572E+03  3.63112E+02
   638     677    1    9.81742E+04  2.17538E+02  7.37477E+03  5.67223E-02  1.93578E+03  3.63112E+02
   638     448    2    9.81742E+04  2.17538E+02  7.37477E+03  5.67223E-02  2.75633E+04  5.07040E+02
   639     448    1    1.01735E+05  1.74655E+02  5.48782E+03  3.25064E-02  2.60520E+04  3.78688E+02
   639     678    2    1.01735E+05  1.74655E+02  5.48782E+03  3.25064E-02  4.10079E+03  3.19933E+02
   640     678    1    1.01714E+05  1.48765E+02  5.48782E+03  3.25064E-02  4.10013E+03  3.19933E+02
   640     482    2    1.01714E+05  1.48765E+02  5.48782E+03  3.25064E-02  1.78511E+04  4.45561E+02
   641     554    1    1.00861E+05  1.18805E+02  5.54933E+03  6.33626E-02  1.80910E+04  3.98192E+02
   641     679    2    1.00861E+05  1.18805E+02  5.54933E+03  6.33626E-02  4.10628E+03  2.35992E+02
   642     679    1    1.00875E+05  1.00479E+02  5.54933E+03  6.33626E-02  4.10693E+03  2.35992E+02
   642     612    2    1.00875E+05  1.00479E+02  5.54933E+03  6.33626E-02  2.63043E+04  2.25412E+02
   643     612    1    9.83433E+04  1.92610E+02  7.43453E+03  6.68803E-02  2.78019E+04  4.29363E+02
   643     680    2    9.83433E+04  1.92610E+02  7.43453E+03  6.68803E-02  1.93617E+03  3.41078E+02
   644     680    1    9.83343E+04  1.43744E+02  7.43453E+03  6.68803E-02  1.93611E+03  3.41078E+02
   644     660    2    9.83343E+04  1.43744E+02  7.43453E+03  6.68803E-02  3.16742E+04  3.30721E+02
   783     444    1    4.04163E+05  6.44345E+02  7.93498E+03  1.42898E-02  3.39796E+04  2.96542E+03
   783     712    2    4.04163E+05  6.44345E+02  7.93498E+03  1.42898E-02  3.38181E+03  4.29755E+02
   784     712    1    4.04192E+05  5.50297E+02  7.93498E+03  1.42898E-02  3.38181E+03  4.29755E+02
   784     478    2    4.04192E+05  5.50297E+02  7.93498E+03  1.42898E-02  2.95002E+04  1.81314E+03
   785     550    1    4.02017E+05  4.99053E+02  7.95670E+03  3.18611E-02  2.95258E+04  1.72795E+03
   785     713    2    4.02017E+05  4.99053E+02  7.95670E+03  3.18611E-02  3.43536E+03  3.34163E+02
   786     713    1    4.01986E+05  6.39221E+02  7.95670E+03  3.18611E-02  3.43535E+03  3.34163E+02
   786     608    2    4.01986E+05  6.39221E+02  7.95670E+03  3.18611E-02  3.41278E+04  2.82514E+03
   876     373    1    4.03252E+05  4.16576E+02  5.21533E+03  1.09678E-01  2.07138E+04  1.20235E+03
   876     756    2    4.03252E+05  4.16576E+02  5.21533E+03  1.09678E-01  2.58912E+02  8.06982E+02
   877     756    1    4.03313E+05  3.09991E+02  5.21533E+03  1.09678E-01  2.58951E+02  8.06982E+02
   877     428    2    4.03313E+05  3.09991E+02  5.21533E+03  1.09678E-01  2.10087E+04  1.12359E+03
   878     585    1    4.03706E+05  5.56919E+02  4.94856E+03  4.38597E-02  1.99514E+04  1.77210E+03
   878     757    2    4.03706E+05  5.56919E+02  4.94856E+03  4.38597E-02  2.28157E+02  4.55578E+02
   879     757    1    4.03664E+05  9.13712E+01  4.94856E+03  4.38597E-02  2.28139E+02  4.55578E+02
   879     640    2    4.03664E+05  9.13712E+01  4.94856E+03  4.38597E-02  1.96369E+04  6.90349E+02
   910     369    1    4.37790E+04  1.73610E+02  8.74153E+03  2.41912E-01  3.35051E+04  6.63226E+02
   910     766    2    4.37790E+04  1.73610E+02  8.74153E+03  2.41912E-01  1.46102E+03  2.87718E+02
   935     766    1    4.37902E+04  1.72524E+02  8.74152E+03  2.41912E-01  1.46093E+03  2.87718E+02
   935     424    2    4.37902E+04  1.72524E+02  8.74152E+03  2.41912E-01  3.64270E+04  6.91245E+02
   954     361    1    3.90256E+04  1.90127E+02  2.35773E+03  2.35106E-01  8.97988E+03  6.63459E+02
   954     777    2    3.90256E+04  1.90127E+02  2.35773E+03  2.35106E-01  4.51038E+02  2.18834E+02
   955     777    1    3.90338E+04  2.04433E+02  2.35773E+03  2.35106E-01  4.50884E+02  2.18834E+02
   955     416    2    3.90338E+04  2.04433E+02  2.35773E+03  2.35106E-01  9.88182E+03  5.98896E+02
   956     573    1    3.72342E+04  3.61820E+02  2.26192E+03  2.79772E-01  9.48772E+03  9.25496E+02
   956     778    2    3.72342E+04  3.61820E+02  2.26192E+03  2.79772E-01  4.40026E+02  5.21782E+02
   957     778    1    3.72550E+04  4.45985E+02  2.26192E+03  2.79772E-01  4.40177E+02  5.21782E+02
   957     628    2    3.72550E+04  4.45985E+02  2.26192E+03  2.79772E-01  8.60751E+03  1.31209E+03
   980     357    1    4.11278E+04  6.54126E+01  1.63657E+03  4.97233E-01  5.98966E+03  5.10616E+02
   980     787    2    4.11278E+04  6.54126E+01  1.63657E+03  4.97233E-01  5.56637E+02  2.48965E+02
   981     787    1    4.10316E+04  3.88668E+02  1.63670E+03  7.39458E-01  5.56761E+02  5.53038E+02
   981     412    2    4.10316E+04  3.88668E+02  1.63670E+03  7.39458E-01  7.10357E+03  1.00163E+03
   982     569    1    3.19925E+04  3.79456E+02  1.27141E+03  1.31256E-01  5.52795E+03  1.18304E+03
   982     788    2    3.19925E+04  3.79456E+02  1.27141E+03  1.31256E-01  4.42317E+02  3.34779E+02
   983     788    1    3.19841E+04  6.63859E+01  1.27141E+03  1.31256E-01  4.42215E+02  3.34779E+02
   983     624    2    3.19841E+04  6.63859E+01  1.27141E+03  1.31256E-01  4.64342E+03  4.22444E+02
  2248     365    1    7.01913E+04  9.89726E+01  4.30907E+03  6.25092E-02  1.71946E+04  2.87978E+02
  2248    1311    2    7.01913E+04  9.89726E+01  4.30907E+03  6.25092E-02  8.14427E+01  1.07912E+02
  2249    1311    1    7.02052E+04  4.64433E+01  4.30907E+03  6.25092E-02  8.13864E+01  1.07912E+02
  2249     420    2    7.02052E+04  4.64433E+01  4.30907E+03  6.25092E-02  1.72778E+04  1.98027E+02
  2250     577    1    5.89663E+04  3.99903E+02  4.21786E+03  1.32518E-01  1.67144E+04  1.29143E+03
  2250    1312    2    5.89663E+04  3.99903E+02  4.21786E+03  1.32518E-01  1.56996E+02  3.08182E+02
  2251    1312    1    5.89371E+04  1.44517E+02  4.21786E+03  1.32518E-01  1.56840E+02  3.08182E+02
  2251     632    2    5.89371E+04  1.44517E+02  4.21786E+03  1.32518E-01  1.70283E+04  7.00469E+02
  2372     392    1    2.72556E+04  1.91862E+02  7.20088E+03  3.05373E-02  2.84411E+04  4.87881E+02
  2372    1341    2    2.72556E+04  1.91862E+02  7.20088E+03  3.05373E-02  4.98720E+02  2.79566E+02
  2373    1341    1    1.11700E+05  8.07058E+01  7.20088E+03  3.05373E-02  4.98674E+02  2.79566E+02
  2373     440    2    1.11700E+05  8.07058E+01  7.20088E+03  3.05373E-02  2.91659E+04  6.02389E+02
  2374     440    1    1.39072E+05  3.83284E+02  7.20813E+03  4.68075E-02  3.12731E+04  1.65941E+03
  2374    1342    2    1.39072E+05  3.83284E+02  7.20813E+03  4.68075E-02  2.66996E+03  1.26273E+02
  2375    1342    1    1.39085E+05  2.07213E+02  7.20813E+03  4.68075E-02  2.66995E+03  1.26273E+02
  2375     475    2    1.39085E+05  2.07213E+02  7.20813E+03  4.68075E-02  2.63919E+04  7.02577E+02
  2376     547    1    1.37126E+05  1.72234E+02  7.26426E+03  1.14841E-02  2.66187E+04  6.32310E+02
  2376    1343    2    1.37126E+05  1.72234E+02  7.26426E+03  1.14841E-02  2.63783E+03  5.66252E+01
  2377    1343    1    1.37112E+05  3.54684E+02  7.26426E+03  1.14841E-02  2.63783E+03  5.66252E+01
  2377     604    2    1.37112E+05  3.54684E+02  7.26426E+03  1.14841E-02  3.14953E+04  1.47536E+03
  2378     604    1    1.10321E+05  1.29274E+02  7.24891E+03  8.85294E-03  2.93573E+04  6.81439E+02
  2378    1344    2    1.10321E+05  1.29274E+02  7.24891E+03  8.85294E-03  4.95862E+02  1.64342E+02
  2379    1344    1    2.57290E+04  1.38435E+02  7.24891E+03  8.85294E-03  4.95914E+02  1.64342E+02
  2379     652    2    2.57290E+04  1.38435E+02  7.24891E+03  8.85294E-03  2.86340E+04  3.89396E+02
  2570     388    1    8.83679E+04  1.92179E+02  6.18242E+03  1.08074E-01  2.45499E+04  5.35541E+02
  2570    1403    2    8.83679E+04  1.92179E+02  6.18242E+03  1.08074E-01  1.79848E+02  2.33174E+02
  2571    1403    1    1.93683E+05  2.11675E+02  6.18242E+03  1.08074E-01  1.79834E+02  2.33174E+02
  2571     436    2    1.93683E+05  2.11675E+02  6.18242E+03  1.08074E-01  2.49095E+04  1.07987E+03
  2572     436    1    1.19230E+05  5.84324E+02  7.02933E+03  9.50130E-02  2.98495E+04  2.16972E+03
  2572    1404    2    1.19230E+05  5.84324E+02  7.02933E+03  9.50130E-02  1.73219E+03  2.60966E+02
  2573    1404    1    1.19240E+05  1.16599E+02  7.02933E+03  9.50130E-02  1.73193E+03  2.60966E+02
  2573     472    2    1.19240E+05  1.16599E+02  7.02933E+03  9.50130E-02  2.63854E+04  5.48408E+02
  2574     544    1    1.14728E+05  1.34871E+02  7.04701E+03  1.01149E-01  2.64915E+04  4.24196E+02
  2574    1405    2    1.14728E+05  1.34871E+02  7.04701E+03  1.01149E-01  1.69654E+03  2.60147E+02
  2575    1405    1    1.14717E+05  5.42913E+02  7.04701E+03  1.01149E-01  1.69677E+03  2.60147E+02
  2575     600    2    1.14717E+05  5.42913E+02  7.04701E+03  1.01149E-01  2.98848E+04  1.96191E+03
  2576     600    1    1.91924E+05  2.28753E+02  6.18265E+03  9.27332E-02  2.49167E+04  1.11778E+03
  2576    1406    2    1.91924E+05  2.28753E+02  6.18265E+03  9.27332E-02  1.86100E+02  2.02769E+02
  2577    1406    1    8.78066E+04  1.82728E+02  6.18265E+03  9.27332E-02  1.86115E+02  2.02769E+02
  2577     648    2    8.78066E+04  1.82728E+02  6.18265E+03  9.27332E-02  2.45445E+04  5.28145E+02
  3236     478    1    3.88541E+05  2.37762E+01  1.10500E+04  6.54544E-02  4.98356E+04  2.75815E+02
  3236     514    2    3.88541E+05  2.37762E+01  1.10500E+04  6.54544E-02  5.01211E+04  3.23974E+02
  3237     514    1    3.96514E+05  1.72319E+01  1.10525E+04  6.83094E-02  4.99240E+04  3.19392E+02
  3237     550    2    3.96514E+05  1.72319E+01  1.10525E+04  6.83094E-02  4.98052E+04  3.17243E+02
  3280     472    1    8.06758E+04  4.15945E+01  1.31073E+04  8.95053E-02  6.04675E+04  2.11316E+02
  3280     508    2    8.06758E+04  4.15945E+01  1.31073E+04  8.95053E-02  5.74979E+04  1.63034E+02
  3281     508    1    8.39257E+04  4.45384E+01  1.30178E+04  6.30417E-02  5.71062E+04  1.59252E+02
  3281     544    2    8.39257E+04  4.45384E+01  1.30178E+04  6.30417E-02  6.00536E+04  2.41593E+02
  3418     482    1    3.84642E+04  7.18410E+01  4.18303E+03  4.91490E-02  2.19309E+04  4.55626E+02
  3418     517    2    3.84642E+04  7.18410E+01  4.18303E+03  4.91490E-02  1.57164E+04  1.90943E+02
  3419     517    1    4.15128E+04  6.10970E+01  4.19490E+03  6.54084E-02  1.57638E+04  1.41901E+02
  3419     554    2    4.15128E+04  6.10970E+01  4.19490E+03  6.54084E-02  2.19903E+04  4.07972E+02
 35749     432    1    1.56885E+05  1.04263E+03  2.03772E+03  6.67002E-01  1.11429E+04  2.68756E+03
 35749     738    2    1.56885E+05  1.04263E+03  2.03772E+03  6.67002E-01  3.65097E+03  1.48294E+03
 35750     738    1    1.56884E+05  5.26343E+02  1.64883E+03  6.67002E-01  3.65091E+03  1.48294E+03
 35750     462    2    1.56884E+05  5.26343E+02  1.64883E+03  6.67002E-01  4.76189E+03  6.22426E+02
 35753     534    1    1.61630E+05  4.98775E+02  1.68024E+03  6.47277E-01  4.90690E+03  6.03873E+02
 35753     739    2    1.61630E+05  4.98775E+02  1.68024E+03  6.47277E-01  3.65741E+03  1.39123E+03
 35754     739    1    1.61633E+05  9.60106E+02  2.04538E+03  6.47277E-01  3.65745E+03  1.39123E+03
 35754     589    2    1.61633E+05  9.60106E+02  2.04538E+03  6.47277E-01  1.15087E+04  2.44920E+03
 
 ELEMENT RESULTS FOR ZONE = P9PLANE_F  CASE COMBINATION  NUMBER =  2
 
 ELEMENT GROUP =  9  (BEAM)  RESULTS ARE MEASURED IN ELEMENT STRESS SYSTEM
 
    EL    NGLOB NLOC       FORCE-R      FORCE-S      FORCE-T     MOMENT-R     MOMENT-S     MOMENT-T
 
   781     396    1    6.13300E+04  4.27165E+01  3.74246E+02  2.86398E-02  1.48534E+03  1.34898E+02
   781     711    2    6.13300E+04  4.27165E+01  3.74246E+02  2.86398E-02  1.19210E+01  3.59686E+01
   782     711    1    1.41099E+05  4.55230E+01  3.74502E+02  2.86398E-02  1.05232E+01  3.59686E+01
   782     444    2    1.41099E+05  4.55230E+01  3.74502E+02  2.86398E-02  1.50824E+03  2.18061E+02
   787     608    1    1.42760E+05  5.29454E+01  3.77288E+02  3.47366E-02  1.51833E+03  2.33454E+02
   787     714    2    1.42760E+05  5.29454E+01  3.77288E+02  3.47366E-02  9.25841E+00  2.16718E+01
   788     714    1    5.88926E+04  3.52771E+01  3.76707E+02  3.47366E-02  1.23344E+01  2.16718E+01
   788     656    2    5.88926E+04  3.52771E+01  3.76707E+02  3.47366E-02  1.49458E+03  1.19437E+02
 
 ELEMENT RESULTS FOR ZONE = P13PLANE_F  CASE COMBINATION  NUMBER =  2
 
 ELEMENT GROUP =  13  (TRUSS)  RESULTS ARE MEASURED IN ELEMENT STRESS SYSTEM
 
    EL  POINT                 FORCE-R    STRESS-RR
 
   568     1              5.68217E+05  4.34783E+07
   571     1              1.23912E+04  9.48136E+05
   576     1              4.37638E+05  3.34867E+07
   578     1              5.95664E+05  4.55784E+07
   581     1              5.42939E+05  4.15441E+07
   583     1              4.41223E+05  3.37611E+07
   586     1              5.99368E+05  4.58618E+07
   588     1              1.14390E+04  8.75275E+05
   594     1              5.70011E+05  4.36155E+07
   596     1              5.42583E+05  4.15168E+07
 
 ELEMENT RESULTS FOR ZONE = P17PLANE_F  CASE COMBINATION  NUMBER =  2
 
 ELEMENT GROUP =  17  (BEAM)  RESULTS ARE MEASURED IN ELEMENT STRESS SYSTEM
 
    EL    NGLOB NLOC       FORCE-R      FORCE-S      FORCE-T     MOMENT-R     MOMENT-S     MOMENT-T
 
  3387     508    1    1.16139E+04  2.55454E+04  2.41864E+02  2.33199E-01  4.88617E+02  5.49616E+04
  3387     520    2    1.16139E+04  2.55454E+04  2.41864E+02  2.33199E-01  7.20702E+02  7.27652E+04
  3547     498    1    1.54238E+04  3.93760E+03  1.33759E+02  8.63960E+00  5.29136E+02  1.72279E+04
  3547     496    2    1.54238E+04  3.93760E+03  1.33759E+02  8.63960E+00  8.58380E+02  2.33294E+04
 
 ELEMENT RESULTS FOR ZONE = P18PLANE_F  CASE COMBINATION  NUMBER =  2
 
 ELEMENT GROUP =  18  (BEAM)  RESULTS ARE MEASURED IN ELEMENT STRESS SYSTEM
 
    EL    NGLOB NLOC       FORCE-R      FORCE-S      FORCE-T     MOMENT-R     MOMENT-S     MOMENT-T
 
   200     488    1    2.44118E+04  3.92526E+03  1.07810E+02  2.97248E+00  7.71691E+02  1.87223E+04
   200     517    2    2.44118E+04  3.92526E+03  1.07810E+02  2.97248E+00  2.95624E+02  2.01377E+04
  3381     485    1    8.88952E+04  2.39614E+04  7.79018E+03  6.39995E+01  1.40725E+03  4.81245E+04
  3381     462    2    8.88952E+04  2.39614E+04  7.79018E+03  6.39995E+01  3.25680E+04  4.77212E+04
  3382     517    1    2.46425E+04  9.23423E+02  1.04999E+02  3.16574E+00  4.40099E+02  1.00010E+04
  3382     514    2    2.46425E+04  9.23423E+02  1.04999E+02  3.16574E+00  5.04888E+02  1.72043E+03
  3383     514    1    4.81397E+03  4.37564E+04  3.36181E+01  8.27173E+00  4.05467E+01  1.01509E+05
  3383     522    2    4.81397E+03  4.37564E+04  3.36181E+01  8.27173E+00  1.27544E+02  1.17273E+05
  3384     522    1    6.85264E+03  4.20697E+04  8.92742E+01  5.18245E+00  1.27495E+02  9.24375E+04
  3384     511    2    6.85264E+03  4.20697E+04  8.92742E+01  5.18245E+00  4.63640E+02  7.58412E+04
  3385     511    1    7.25935E+03  3.37792E+04  1.22338E+02  3.64048E+00  2.88583E+02  5.83056E+04
  3385     521    2    7.25935E+03  3.37792E+04  1.22338E+02  3.64048E+00  2.13001E+02  8.01890E+04
  3386     521    1    8.13085E+03  3.56071E+04  6.55047E+01  5.36594E+00  2.13049E+02  8.21282E+04
  3386     508    2    8.13085E+03  3.56071E+04  6.55047E+01  5.36594E+00  3.44266E+02  5.67394E+04
  3395     557    1    8.17394E+04  2.39784E+04  7.13567E+03  5.80488E+01  2.08709E+03  4.81248E+04
  3395     534    2    8.17394E+04  2.39784E+04  7.13567E+03  5.80488E+01  3.06298E+04  4.77889E+04
 
 ELEMENT RESULTS FOR ZONE = P19PLANE_F  CASE COMBINATION  NUMBER =  2
 
 ELEMENT GROUP =  19  (BEAM)  RESULTS ARE MEASURED IN ELEMENT STRESS SYSTEM
 
    EL    NGLOB NLOC       FORCE-R      FORCE-S      FORCE-T     MOMENT-R     MOMENT-S     MOMENT-T
 
  2963     462    1    1.47613E+04  2.83732E+03  1.92371E+02  4.18188E+01  1.97165E+03  1.19773E+04
  2963     460    2    1.47613E+04  2.83732E+03  1.92371E+02  4.18188E+01  9.77005E+00  1.82911E+04
  3347     534    1    1.37790E+04  2.74141E+03  2.26160E+02  3.88290E+01  2.31922E+03  1.20204E+04
  3347     532    2    1.37790E+04  2.74141E+03  2.26160E+02  3.88290E+01  1.02208E+01  1.77645E+04
  3379     486    1    1.50981E+05  2.76697E+04  2.22018E+03  1.64952E+00  3.86502E+02  6.27528E+04
  3379     472    2    1.50981E+05  2.76697E+04  2.22018E+03  1.64952E+00  8.58518E+03  4.51592E+04
  3380     472    1    1.06601E+05  2.54634E+04  2.82016E+03  5.51772E+01  1.26930E+04  5.79226E+04
  3380     485    2    1.06601E+05  2.54634E+04  2.82016E+03  5.51772E+01  1.40782E+03  6.93945E+04
  3393     558    1    1.57886E+05  2.78763E+04  1.85597E+03  2.25346E+00  3.22933E+02  6.30782E+04
  3393     544    2    1.57886E+05  2.78763E+04  1.85597E+03  2.25346E+00  7.05467E+03  4.56393E+04
  3394     544    1    9.95731E+04  2.55130E+04  2.78213E+03  5.03337E+01  1.18230E+04  5.80720E+04
  3394     557    2    9.95731E+04  2.55130E+04  2.78213E+03  5.03337E+01  2.08762E+03  6.94931E+04
 
 ELEMENT RESULTS FOR ZONE = P20PLANE_F  CASE COMBINATION  NUMBER =  2
 
 ELEMENT GROUP =  20  (BEAM)  RESULTS ARE MEASURED IN ELEMENT STRESS SYSTEM
 
    EL    NGLOB NLOC       FORCE-R      FORCE-S      FORCE-T     MOMENT-R     MOMENT-S     MOMENT-T
 
    18     388    1    6.05095E+05  1.14678E+03  1.21282E+04  1.36662E+01  1.80052E+04  3.59507E+03
    18     377    2    6.05095E+05  1.14678E+03  1.21282E+04  1.36662E+01  9.11483E+04  6.72594E+03
   375     648    1    5.98512E+05  1.22377E+03  1.22524E+04  1.24921E+01  1.85090E+04  3.85891E+03
   375     644    2    5.98512E+05  1.22377E+03  1.22524E+04  1.24921E+01  9.17627E+04  7.15506E+03
 
 ELEMENT RESULTS FOR ZONE = P39PLANE_F  CASE COMBINATION  NUMBER =  2
 
 ELEMENT GROUP =  39  (TRUSS)  RESULTS ARE MEASURED IN ELEMENT STRESS SYSTEM
 
    EL  POINT                 FORCE-R    STRESS-RR
 
   570     1              2.37496E+05  2.65813E+07
   582     1              4.11599E+05  4.60675E+07
   597     1              2.36095E+05  2.64245E+07
   598     1              4.17907E+05  4.67735E+07
 
 ELEMENT RESULTS FOR ZONE = P44PLANE_F  CASE COMBINATION  NUMBER =  2
 
 ELEMENT GROUP =  44  (BEAM)  RESULTS ARE MEASURED IN ELEMENT STRESS SYSTEM
 
    EL    NGLOB NLOC       FORCE-R      FORCE-S      FORCE-T     MOMENT-R     MOMENT-S     MOMENT-T
 
    14     377    1    4.23190E+05  3.23513E+03  1.61283E+04  2.62573E+01  6.26014E+04  1.93315E+04
    14     373    2    4.23190E+05  3.23513E+03  1.61283E+04  2.62573E+01  1.20542E+05  1.39903E+04
    22     392    1    6.38320E+05  3.24893E+03  2.53437E+03  1.71699E+01  1.10848E+04  1.21597E+04
    22     388    2    6.38320E+05  3.24893E+03  2.53437E+03  1.71699E+01  1.16703E+04  1.38317E+04
    26     396    1    1.31137E+06  4.03269E+02  1.20114E+04  5.60877E+00  6.85769E+04  3.46595E+03
    26     392    2    1.31137E+06  4.03269E+02  1.20114E+04  5.60877E+00  3.95258E+04  2.63885E+03
    31     349    1    1.71333E+06  4.87309E+02  3.73538E+04  8.79825E+00  3.08631E+05  1.38877E+03
    31     400    2    1.71333E+06  4.87309E+02  3.73538E+04  8.79825E+00  6.33122E+04  3.43559E+03
    32     400    1    1.23088E+06  1.30038E+02  1.14643E+04  3.38251E+01  3.60436E+04  1.83440E+03
    32     396    2    1.23088E+06  1.30038E+02  1.14643E+04  3.38251E+01  6.71355E+04  6.64066E+02
   371     644    1    4.20439E+05  3.43352E+03  1.52541E+04  3.26700E+01  6.18114E+04  2.05442E+04
   371     640    2    4.20439E+05  3.43352E+03  1.52541E+04  3.26700E+01  1.13379E+05  1.48211E+04
   379     652    1    6.14393E+05  3.05436E+03  2.79184E+03  1.56163E+01  1.05282E+04  1.15101E+04
   379     648    2    6.14393E+05  3.05436E+03  2.79184E+03  1.56163E+01  1.34010E+04  1.29248E+04
   383     656    1    1.28936E+06  2.42921E+02  1.18764E+04  1.65493E+00  6.77259E+04  2.38993E+03
   383     652    2    1.28936E+06  2.42921E+02  1.18764E+04  1.65493E+00  3.91621E+04  2.80517E+03
   388     616    1    1.69478E+06  6.55589E+02  3.73837E+04  4.79151E+00  3.09030E+05  2.40020E+03
   388     660    2    1.69478E+06  6.55589E+02  3.73837E+04  4.79151E+00  6.28351E+04  4.09013E+03
   389     660    1    1.20776E+06  6.70364E+01  1.12948E+04  2.89831E+01  3.53805E+04  1.31763E+03
   389     656    2    1.20776E+06  6.70364E+01  1.12948E+04  2.89831E+01  6.62723E+04  1.72903E+03
 
 ELEMENT RESULTS FOR ZONE = P49PLANE_F  CASE COMBINATION  NUMBER =  2
 
 ELEMENT GROUP =  49  (BEAM)  RESULTS ARE MEASURED IN ELEMENT STRESS SYSTEM
 
    EL    NGLOB NLOC       FORCE-R      FORCE-S      FORCE-T     MOMENT-R     MOMENT-S     MOMENT-T
 
    93     404    1    4.46809E+05  4.49617E+02  4.02507E+04  2.15929E+01  3.16555E+05  4.96147E+02
    93     448    2    4.46809E+05  4.49617E+02  4.02507E+04  2.15929E+01  8.19274E+04  4.46044E+03
    94     448    1    4.50212E+05  2.03697E+03  1.81681E+04  1.98058E+02  2.93411E+04  9.05144E+03
    94     444    2    4.50212E+05  2.03697E+03  1.81681E+04  1.98058E+02  1.34172E+05  9.28126E+03
   287    4450    1    8.96547E+04  3.74935E+03  2.80123E+04  4.88994E+02  2.31845E+05  1.38695E+04
   287     589    2    8.96547E+04  3.74935E+03  2.80123E+04  4.88994E+02  2.07754E+05  1.70940E+04
   297     561    1    4.49607E+05  3.07891E+02  4.01575E+04  1.46807E+01  3.16443E+05  1.74430E+03
   297     612    2    4.49607E+05  3.07891E+02  4.01575E+04  1.46807E+01  8.11162E+04  4.21892E+03
   298     612    1    4.53088E+05  1.55161E+03  1.77160E+04  1.90271E+02  2.80802E+04  8.32120E+03
   298     608    2    4.53088E+05  1.55161E+03  1.77160E+04  1.90271E+02  1.31363E+05  5.64330E+03
  3345     432    1    1.14116E+05  6.26517E+03  4.77350E+04  4.68341E+01  1.72683E+05  3.32624E+04
  3345     428    2    1.14116E+05  6.26517E+03  4.77350E+04  4.68341E+01  3.18987E+05  3.12688E+04
  3346     589    1    9.93915E+04  6.25487E+03  4.68338E+04  4.64866E+01  1.71239E+05  3.37519E+04
  3346     585    2    9.93915E+04  6.25487E+03  4.68338E+04  4.64866E+01  3.11149E+05  3.06733E+04
  3369     428    1    8.59491E+04  2.32554E+03  8.29773E+04  8.75301E+01  4.24351E+05  1.63139E+04
  3369     424    2    8.59491E+04  2.32554E+03  8.29773E+04  8.75301E+01  2.47765E+05  4.39892E+03
  3370     424    1    9.56489E+04  1.83295E+03  2.65169E+04  5.88863E+01  2.11245E+05  1.16529E+04
  3370     420    2    9.56489E+04  1.83295E+03  2.65169E+04  5.88863E+01  2.80127E+04  4.11044E+03
  3372     585    1    8.92886E+04  1.83860E+03  8.70764E+04  5.48210E+01  4.13235E+05  1.54023E+04
  3372     581    2    8.92886E+04  1.83860E+03  8.70764E+04  5.48210E+01  2.92084E+05  5.09691E+02
  3373     581    1    7.92540E+04  8.11010E+02  1.98610E+04  1.84574E+01  1.52799E+05  9.00129E+03
  3373     577    2    7.92540E+04  8.11010E+02  1.98610E+04  1.84574E+01  2.88538E+04  6.05220E+03
 30829     440    1    3.38833E+05  7.83566E+03  1.20854E+04  5.01894E+02  7.61929E+04  2.14754E+04
 30829    4689    2    3.38833E+05  7.83566E+03  1.20854E+04  5.01894E+02  3.89523E+04  1.02590E+04
 30830    4689    1    3.42983E+05  1.28804E+04  2.99276E+04  5.44206E+02  3.76501E+04  2.72795E+04
 30830     436    2    3.42983E+05  1.28804E+04  2.99276E+04  5.44206E+02  9.19173E+04  2.35982E+04
 30831     444    1    3.31811E+05  2.47953E+03  3.34459E+04  1.82778E+02  1.68150E+05  9.30464E+03
 30831    4688    2    3.31811E+05  2.47953E+03  3.34459E+04  1.82778E+02  5.38816E+03  6.31566E+03
 30832    4688    1    3.36313E+05  1.64842E+04  3.44354E+04  5.02910E+01  7.27468E+03  2.62652E+04
 30832     440    2    3.36313E+05  1.64842E+04  3.44354E+04  5.02910E+01  1.34686E+05  3.88475E+04
 30839     436    1    9.95451E+04  4.91526E+03  5.49737E+04  4.79457E+02  1.47129E+05  8.50065E+03
 30839    4690    2    9.95451E+04  4.91526E+03  5.49737E+04  4.79457E+02  7.55145E+04  1.44224E+04
 30840    4690    1    1.04302E+05  2.80914E+03  3.83039E+04  4.80464E+02  7.65734E+04  1.67033E+04
 30840    4446    2    1.04302E+05  2.80914E+03  3.83039E+04  4.80464E+02  2.33236E+05  1.39344E+04
 30847     604    1    3.34271E+05  4.43992E+03  1.17543E+04  5.15155E+02  7.53391E+04  1.45972E+04
 30847    4698    2    3.34271E+05  4.43992E+03  1.17543E+04  5.15155E+02  3.84758E+04  1.03778E+04
 30848    4698    1    3.38492E+05  9.15355E+03  2.94163E+04  5.43567E+02  3.72373E+04  2.06502E+04
 30848     600    2    3.38492E+05  9.15355E+03  2.94163E+04  5.43567E+02  8.93092E+04  1.55063E+04
 30849     608    1    3.27259E+05  4.36087E+03  3.30410E+04  1.72823E+02  1.65394E+05  1.32036E+04
 30849    4697    2    3.27259E+05  4.36087E+03  3.30410E+04  1.72823E+02  5.26125E+03  8.81876E+03
 30850    4697    1    3.31850E+05  1.31719E+04  3.40845E+04  5.34789E+01  7.12672E+03  1.94059E+04
 30850     604    2    3.31850E+05  1.31719E+04  3.40845E+04  5.34789E+01  1.34027E+05  3.26233E+04
 30857     600    1    8.46486E+04  7.53405E+03  5.43734E+04  4.84124E+02  1.44643E+05  1.15719E+04
 30857    4699    2    8.46486E+04  7.53405E+03  5.43734E+04  4.84124E+02  7.55689E+04  1.89410E+04
 30858    4699    1    8.96547E+04  3.74935E+03  3.79339E+04  4.88994E+02  7.66951E+04  1.22651E+04
 30858    4450    2    8.96547E+04  3.74935E+03  3.79339E+04  4.88994E+02  2.31845E+05  1.38695E+04
 
 ELEMENT RESULTS FOR ZONE = P50PLANE_F  CASE COMBINATION  NUMBER =  2
 
 ELEMENT GROUP =  50  (BEAM)  RESULTS ARE MEASURED IN ELEMENT STRESS SYSTEM
 
    EL    NGLOB NLOC       FORCE-R      FORCE-S      FORCE-T     MOMENT-R     MOMENT-S     MOMENT-T
 
  3371     420    1    4.80305E+05  3.47576E+03  2.22427E+04  2.47492E+01  3.55036E+04  1.27192E+04
  3371     416    2    4.80305E+05  3.47576E+03  2.22427E+04  2.47492E+01  1.36827E+05  1.40442E+04
  3374     577    1    4.40104E+05  6.12597E+03  2.11408E+04  1.87814E+01  3.61422E+04  2.24542E+04
  3374     573    2    4.40104E+05  6.12597E+03  2.11408E+04  1.87814E+01  1.27045E+05  2.47157E+04
  4119     416    1    5.15803E+05  1.57033E+03  5.88835E+03  7.42965E+01  1.26992E+05  4.07492E+03
  4119    1676    2    5.15803E+05  1.57033E+03  5.88835E+03  7.42965E+01  1.10715E+05  1.01634E+03
  4120    1676    1    5.16161E+05  1.47729E+03  6.00346E+03  1.72525E+02  1.10429E+05  8.50892E+02
  4120    1898    2    5.16161E+05  1.47729E+03  6.00346E+03  1.72525E+02  9.49356E+04  4.60790E+03
  4121    1898    1    5.16603E+05  1.80435E+03  6.30954E+03  1.35271E+02  9.45814E+04  4.46117E+03
  4121     412    2    5.16603E+05  1.80435E+03  6.30954E+03  1.35271E+02  7.35016E+04  2.77826E+03
  4124     573    1    4.43521E+05  3.01176E+03  6.34371E+03  2.74401E+02  1.17294E+05  1.04367E+04
  4124    1688    2    4.43521E+05  3.01176E+03  6.34371E+03  2.74401E+02  9.82632E+04  1.40144E+03
  4125    1688    1    4.43796E+05  5.37738E+02  6.27313E+03  2.13218E+02  9.80434E+04  1.24326E+03
  4125    1901    2    4.43796E+05  5.37738E+02  6.27313E+03  2.13218E+02  8.04786E+04  3.65953E+02
  4126    1901    1    4.44122E+05  5.50213E+02  6.30853E+03  7.53531E+01  8.02185E+04  5.10298E+02
  4126     569    2    4.44122E+05  5.50213E+02  6.30853E+03  7.53531E+01  5.75078E+04  2.39693E+03
 
 ELEMENT RESULTS FOR ZONE = P51PLANE_F  CASE COMBINATION  NUMBER =  2
 
 ELEMENT GROUP =  51  (BEAM)  RESULTS ARE MEASURED IN ELEMENT STRESS SYSTEM
 
    EL    NGLOB NLOC       FORCE-R      FORCE-S      FORCE-T     MOMENT-R     MOMENT-S     MOMENT-T
 
   145     408    1    3.91742E+05  9.17915E+02  6.66849E+03  6.39977E+01  4.46789E+04  6.15003E+03
   145       2    2    3.91742E+05  9.17915E+02  6.66849E+03  6.39977E+01  0.00000E+00  0.00000E+00
   350     565    1    3.39947E+05  1.09403E+03  6.87935E+03  4.83823E+01  4.60917E+04  7.32999E+03
   350      13    2    3.39947E+05  1.09403E+03  6.87935E+03  4.83823E+01  0.00000E+00  0.00000E+00
  4122     412    1    3.97153E+05  5.65960E+03  7.42055E+03  1.16722E+03  8.03804E+04  1.69049E+04
  4122    1699    2    3.97153E+05  5.65960E+03  7.42055E+03  1.16722E+03  7.51860E+04  1.29432E+04
  4123    1699    1    3.97153E+05  4.21504E+03  7.42055E+03  1.30406E+02  7.51860E+04  1.29432E+04
  4123     408    2    3.97153E+05  4.21504E+03  7.42055E+03  1.30406E+02  2.27267E+04  1.78266E+04
  4127     569    1    3.44448E+05  5.48313E+03  5.89058E+03  7.54239E+02  6.34881E+04  1.70988E+04
  4127    1711    2    3.44448E+05  5.48313E+03  5.89058E+03  7.54239E+02  6.02020E+04  1.32606E+04
  4128    1711    1    3.44448E+05  4.40806E+03  5.89058E+03  1.05815E+02  6.02020E+04  1.32606E+04
  4128     565    2    3.44448E+05  4.40806E+03  5.89058E+03  1.05815E+02  2.59325E+04  1.89183E+04
 
 ELEMENT RESULTS FOR ZONE = P52PLANE_F  CASE COMBINATION  NUMBER =  2
 
 ELEMENT GROUP =  52  (BEAM)  RESULTS ARE MEASURED IN ELEMENT STRESS SYSTEM
 
    EL    NGLOB NLOC       FORCE-R      FORCE-S      FORCE-T     MOMENT-R     MOMENT-S     MOMENT-T
 
  3388     520    1    1.34463E+04  3.21272E+04  3.37855E+02  2.49688E-01  7.20493E+02  6.66054E+04
  3388     498    2    1.34463E+04  3.21272E+04  3.37855E+02  2.49688E-01  6.60479E+02  6.19036E+04
 
 ELEMENT RESULTS FOR ZONE = P53PLANE_F  CASE COMBINATION  NUMBER =  2
 
 ELEMENT GROUP =  53  (TRUSS)  RESULTS ARE MEASURED IN ELEMENT STRESS SYSTEM
 
    EL  POINT                 FORCE-R    STRESS-RR
 
   567     1              3.67804E+05  3.19025E+07
   569     1              3.76614E+05  3.26667E+07
   579     1              5.16701E+05  4.48175E+07
   580     1              5.91455E+05  5.13015E+07
   585     1              5.16932E+05  4.48375E+07
   587     1              3.70925E+05  3.21732E+07
   593     1              5.94045E+05  5.15261E+07
   595     1              3.79657E+05  3.29306E+07
  2948     1              6.17359E+05  5.35484E+07
  2949     1              6.21889E+05  5.39413E+07
  3194     1              2.61178E+05  2.26540E+07
  3195     1              2.63320E+05  2.28398E+07
 
 ELEMENT RESULTS FOR ZONE = P57PLANE_F  CASE COMBINATION  NUMBER =  2
 
 ELEMENT GROUP =  57  (BEAM)  RESULTS ARE MEASURED IN ELEMENT STRESS SYSTEM
 
    EL    NGLOB NLOC       FORCE-R      FORCE-S      FORCE-T     MOMENT-R     MOMENT-S     MOMENT-T
 
     7     369    1    2.18717E+05  1.24023E+03  1.98694E+03  1.06715E+01  4.38191E+04  5.29835E+03
     7     365    2    2.18717E+05  1.24023E+03  1.98694E+03  1.06715E+01  2.96688E+04  5.36763E+03
    10     373    1    4.13414E+05  1.69714E+03  2.69851E+04  1.64041E+01  1.41256E+05  5.83477E+03
    10     369    2    4.13414E+05  1.69714E+03  2.69851E+04  1.64041E+01  7.73239E+04  7.91203E+03
   364     636    1    1.81457E+05  1.07664E+03  4.88163E+03  5.31423E+00  9.02715E+03  4.78693E+03
   364     632    2    1.81457E+05  1.07664E+03  4.88163E+03  5.31423E+00  3.29549E+04  4.52359E+03
   367     640    1    4.13591E+05  1.11856E+03  3.01633E+04  1.81863E+01  1.33016E+05  3.25742E+03
   367     636    2    4.13591E+05  1.11856E+03  3.01633E+04  1.81863E+01  1.11307E+05  5.80291E+03
 
 ELEMENT RESULTS FOR ZONE = P67PLANE_F  CASE COMBINATION  NUMBER =  2
 
 ELEMENT GROUP =  67  (BEAM)  RESULTS ARE MEASURED IN ELEMENT STRESS SYSTEM
 
    EL    NGLOB NLOC       FORCE-R      FORCE-S      FORCE-T     MOMENT-R     MOMENT-S     MOMENT-T
 
  1014     353    1    8.19041E+04  8.64422E+02  5.57367E+03  2.86963E+00  2.03522E+04  4.76053E+02
  1014     797    2    8.19041E+04  8.64422E+02  5.57367E+03  2.86963E+00  1.94246E+03  2.98163E+03
  1015     797    1    8.19300E+04  1.60546E+03  5.49986E+03  2.86963E+00  1.94279E+03  2.98163E+03
  1015     408    2    8.19300E+04  1.60546E+03  5.49986E+03  2.86963E+00  2.39422E+04  3.44021E+03
  1016     565    1    7.87273E+04  5.08013E+02  4.53834E+03  3.31007E+00  1.98008E+04  1.13696E+03
  1016     798    2    7.87273E+04  5.08013E+02  4.53834E+03  3.31007E+00  1.64744E+03  8.95095E+02
  1017     798    1    7.87403E+04  3.49186E+02  4.53834E+03  3.31007E+00  1.64717E+03  8.95095E+02
  1017     620    2    7.87403E+04  3.49186E+02  4.53834E+03  3.31007E+00  1.65062E+04  5.01647E+02
 
 ELEMENT RESULTS FOR ZONE = P81PLANE_F  CASE COMBINATION  NUMBER =  2
 
 ELEMENT GROUP =  81  (BEAM)  RESULTS ARE MEASURED IN ELEMENT STRESS SYSTEM
 
    EL    NGLOB NLOC       FORCE-R      FORCE-S      FORCE-T     MOMENT-R     MOMENT-S     MOMENT-T
 
   834     377    1    1.29951E+05  1.28076E+03  7.01149E+03  2.18890E+00  3.22039E+04  3.84195E+03
   834     745    2    1.29951E+05  1.28076E+03  7.01149E+03  2.18890E+00  5.61275E+03  1.28109E+03
   835     745    1    1.07797E+05  4.63563E+02  6.93123E+03  2.18890E+00  5.61295E+03  1.28109E+03
   835     432    2    1.07797E+05  4.63563E+02  6.93123E+03  2.18890E+00  2.72264E+04  3.13534E+03
   840     589    1    1.12259E+05  4.24176E+02  7.28196E+03  2.18920E+00  2.86717E+04  2.96515E+03
   840     748    2    1.12259E+05  4.24176E+02  7.28196E+03  2.18920E+00  5.64812E+03  1.26844E+03
   841     748    1    1.33420E+05  1.26709E+03  7.37327E+03  2.18920E+00  5.64793E+03  1.26844E+03
   841     644    2    1.33420E+05  1.26709E+03  7.37327E+03  2.18920E+00  3.21175E+04  3.79990E+03
   936     581    1    4.33653E+04  1.78656E+03  3.25206E+04  1.27022E+00  1.39830E+05  5.88190E+03
   936     767    2    4.33653E+04  1.78656E+03  3.25206E+04  1.27022E+00  9.74749E+03  1.26433E+03
   937     767    1    4.33541E+04  1.09486E+02  3.25206E+04  1.27022E+00  9.74736E+03  1.26433E+03
   937     636    2    4.33541E+04  1.09486E+02  3.25206E+04  1.27022E+00  1.20335E+05  1.70227E+03
 
 ELEMENT RESULTS FOR ZONE = P173PLANE_F  CASE COMBINATION  NUMBER =  2
 
 ELEMENT GROUP = 173  (TRUSS)  RESULTS ARE MEASURED IN ELEMENT STRESS SYSTEM
 
    EL  POINT                 FORCE-R    STRESS-RR
 
   572     1              4.27208E+05  5.72665E+07
   574     1              1.50682E+05  2.01987E+07
   589     1              3.87576E+05  5.19539E+07
   591     1              1.42076E+05  1.90451E+07
  3174     1              1.16692E+05  1.56424E+07
  3175     1              9.46209E+04  1.26838E+07
 
 ELEMENT RESULTS FOR ZONE = P174PLANE_F  CASE COMBINATION  NUMBER =  2
 
 ELEMENT GROUP = 174  (TRUSS)  RESULTS ARE MEASURED IN ELEMENT STRESS SYSTEM
 
    EL  POINT                 FORCE-R    STRESS-RR
 
   573     1              4.37007E+05  2.54571E+07
   575     1              2.80958E+05  1.63667E+07
   577     1              8.38505E+05  4.88457E+07
   584     1              8.39499E+05  4.89036E+07
   590     1              3.92806E+05  2.28822E+07
   592     1              2.39279E+05  1.39388E+07
  2947     1              2.53656E+05  1.47763E+07
  2950     1              2.45490E+05  1.43006E+07
  3172     1              8.25850E+04  4.81085E+06
  3173     1              7.64501E+04  4.45347E+06
 
 ELEMENT RESULTS FOR ZONE = P184PLANE_F  CASE COMBINATION  NUMBER =  2
 
 ELEMENT GROUP = 184  (BEAM)  RESULTS ARE MEASURED IN ELEMENT STRESS SYSTEM
 
    EL    NGLOB NLOC       FORCE-R      FORCE-S      FORCE-T     MOMENT-R     MOMENT-S     MOMENT-T
 
  4116    1895    1    2.77651E+05  2.92557E+02  1.72824E+03  5.07128E+00  2.07809E+04  1.77044E+03
  4116     357    2    2.77651E+05  2.92557E+02  1.72824E+03  5.07128E+00  1.45592E+04  1.58133E+03
  4117     357    1    2.84326E+05  5.45595E+03  6.97357E+03  9.75699E+01  5.98829E+03  2.05490E+04
  4117    1693    2    2.84326E+05  5.45595E+03  6.97357E+03  9.75699E+01  1.87530E+03  1.67298E+04
  4118    1693    1    2.84344E+05  6.75121E+02  5.07772E+03  6.23210E+00  1.67150E+04  1.96877E+03
  4118     353    2    2.84344E+05  6.75121E+02  5.07772E+03  6.23210E+00  2.03524E+04  2.95962E+03
  4131    1904    1    2.15528E+05  2.15343E+03  1.40053E+03  1.98998E+01  1.76197E+04  4.81895E+03
  4131     624    2    2.15528E+05  2.15343E+03  1.40053E+03  1.98998E+01  1.25778E+04  2.93340E+03
  4132     624    1    2.40328E+05  4.93468E+03  1.31072E+04  2.77562E+02  1.12868E+04  1.72214E+04
  4132    1705    2    2.40328E+05  4.93468E+03  1.31072E+04  2.77562E+02  2.11174E+03  1.37671E+04
  4133    1705    1    2.40360E+05  9.30913E+02  4.14392E+03  2.94425E+01  1.37425E+04  2.22402E+03
  4133     620    2    2.40360E+05  9.30913E+02  4.14392E+03  2.94425E+01  1.65081E+04  4.57164E+03
 
 ELEMENT RESULTS FOR ZONE = P186PLANE_F  CASE COMBINATION  NUMBER =  2
 
 ELEMENT GROUP = 186  (BEAM)  RESULTS ARE MEASURED IN ELEMENT STRESS SYSTEM
 
    EL    NGLOB NLOC       FORCE-R      FORCE-S      FORCE-T     MOMENT-R     MOMENT-S     MOMENT-T
 
     4     365    1    2.12606E+05  1.99586E+03  4.04102E+03  2.28741E+00  1.55462E+04  6.33123E+03
     4     361    2    2.12606E+05  1.99586E+03  4.04102E+03  2.28741E+00  4.04685E+04  9.03691E+03
   361     632    1    1.99118E+05  1.88610E+03  3.69229E+03  1.46080E+00  1.59261E+04  6.20914E+03
   361     628    2    1.99118E+05  1.88610E+03  3.69229E+03  1.46080E+00  3.69169E+04  8.31383E+03
  4114     361    1    2.77661E+05  1.85164E+03  1.86977E+03  1.04170E+01  3.14884E+04  6.93422E+03
  4114    1668    2    2.77661E+05  1.85164E+03  1.86977E+03  1.04170E+01  2.58791E+04  1.38721E+03
  4115    1668    1    2.77653E+05  1.15669E+03  1.82384E+03  6.42398E+00  2.58855E+04  1.54890E+03
  4115    1895    2    2.77653E+05  1.15669E+03  1.82384E+03  6.42398E+00  2.07788E+04  1.93156E+03
  4129     628    1    2.15428E+05  3.84602E+03  1.92184E+03  4.44059E+01  2.83092E+04  1.08261E+04
  4129    1681    2    2.15428E+05  3.84602E+03  1.92184E+03  4.44059E+01  2.25437E+04  1.22596E+03
  4130    1681    1    2.15465E+05  1.59982E+03  1.73022E+03  6.90501E+00  2.25143E+04  1.39144E+03
  4130    1904    2    2.15465E+05  1.59982E+03  1.73022E+03  6.90501E+00  1.76697E+04  4.97365E+03
 
 ELEMENT RESULTS FOR ZONE = P197PLANE_F  CASE COMBINATION  NUMBER =  2
 
 ELEMENT GROUP = 197  (BEAM)  RESULTS ARE MEASURED IN ELEMENT STRESS SYSTEM
 
    EL    NGLOB NLOC       FORCE-R      FORCE-S      FORCE-T     MOMENT-R     MOMENT-S     MOMENT-T
 
  3258     475    1    9.62758E+04  1.19377E+02  1.56347E+04  1.78839E-01  7.23125E+04  5.89701E+02
  3258     511    2    9.62758E+04  1.19377E+02  1.56347E+04  1.78839E-01  6.84001E+04  4.84691E+02
  3259     511    1    1.02291E+05  1.15103E+02  1.55773E+04  1.42616E-01  6.81563E+04  4.39920E+02
  3259     547    2    1.02291E+05  1.15103E+02  1.55773E+04  1.42616E-01  7.20398E+04  5.96004E+02
 
 ELEMENT RESULTS FOR ZONE = P198PLANE_F  CASE COMBINATION  NUMBER =  2
 
 ELEMENT GROUP = 198  (BEAM)  RESULTS ARE MEASURED IN ELEMENT STRESS SYSTEM
 
    EL    NGLOB NLOC       FORCE-R      FORCE-S      FORCE-T     MOMENT-R     MOMENT-S     MOMENT-T
 
  3449     462    1    1.55522E+05  2.74491E+02  1.08756E+04  1.87531E+00  5.38907E+04  1.48132E+03
  3449     498    2    1.55522E+05  2.74491E+02  1.08756E+04  1.87531E+00  4.39901E+04  9.89101E+02
  3450     498    1    1.59645E+05  2.61365E+02  1.07652E+04  1.80390E+00  4.35343E+04  9.31718E+02
  3450     534    2    1.59645E+05  2.61365E+02  1.07652E+04  1.80390E+00  5.33522E+04  1.42057E+03
 
 ELEMENT RESULTS FOR ZONE = P205PLANE_F  CASE COMBINATION  NUMBER =  2
 
 ELEMENT GROUP = 205  (BEAM)  RESULTS ARE MEASURED IN ELEMENT STRESS SYSTEM
 
    EL    NGLOB NLOC       FORCE-R      FORCE-S      FORCE-T     MOMENT-R     MOMENT-S     MOMENT-T
 
  3550     460    1    7.20361E+05  1.53867E+03  7.96836E+03  3.36291E+00  5.44272E+04  1.10313E+04
  3550     496    2    7.20361E+05  1.53867E+03  7.96836E+03  3.36291E+00  1.72881E+04  2.81675E+03
  3551     496    1    7.00937E+05  1.34549E+03  7.80864E+03  3.34745E+00  1.66834E+04  2.15121E+03
  3551     532    2    7.00937E+05  1.34549E+03  7.80864E+03  3.34745E+00  5.35943E+04  9.95820E+03
 
 ELEMENT RESULTS FOR ZONE = P211PLANE_F  CASE COMBINATION  NUMBER =  2
 
 ELEMENT GROUP = 211  (BEAM)  RESULTS ARE MEASURED IN ELEMENT STRESS SYSTEM
 
    EL    NGLOB NLOC       FORCE-R      FORCE-S      FORCE-T     MOMENT-R     MOMENT-S     MOMENT-T
 
   157     452    1    3.00051E+05  6.30861E+03  2.23451E+03  4.37282E+00  1.02735E+04  3.48512E+04
   157     482    2    3.00051E+05  6.30861E+03  2.23451E+03  4.37282E+00  1.18481E+04  2.76040E+04
   248     524    1    2.95145E+05  6.31943E+03  2.04980E+03  4.41480E+00  9.31203E+03  3.49159E+04
   248     554    2    2.95145E+05  6.31943E+03  2.04980E+03  4.41480E+00  1.09809E+04  2.76464E+04
  3375     482    1    4.91148E+05  1.98998E+03  2.12265E+03  7.65861E+00  9.80958E+03  1.21786E+04
  3375     478    2    4.91148E+05  1.98998E+03  2.12265E+03  7.65861E+00  9.29425E+03  5.73127E+03
  3376     478    1    6.20370E+05  3.11342E+04  3.37129E+03  1.17438E+01  1.39031E+04  7.71493E+04
  3376     487    2    6.20370E+05  3.11342E+04  3.37129E+03  1.17438E+01  2.95338E+03  7.85217E+04
  3377     487    1    6.47980E+05  3.56351E+04  2.53939E+03  1.17117E+01  2.95294E+03  7.29150E+04
  3377     475    2    6.47980E+05  3.56351E+04  2.53939E+03  1.17117E+01  1.31105E+04  6.96255E+04
  3378     475    1    1.71234E+05  2.84088E+04  1.72276E+03  3.72687E+00  7.13632E+03  5.08253E+04
  3378     486    2    1.71234E+05  2.84088E+04  1.72276E+03  3.72687E+00  3.86006E+02  6.56509E+04
  3389     554    1    4.80817E+05  2.06622E+03  2.02832E+03  9.59555E+00  9.20525E+03  1.24356E+04
  3389     550    2    4.80817E+05  2.06622E+03  2.02832E+03  9.59555E+00  9.04959E+03  6.16043E+03
  3390     550    1    6.12580E+05  3.09659E+04  3.29430E+03  1.24151E+01  1.37547E+04  7.68381E+04
  3390     559    2    6.12580E+05  3.09659E+04  3.29430E+03  1.24151E+01  2.71681E+03  7.79913E+04
  3391     559    1    6.40119E+05  3.59634E+04  2.38695E+03  1.17794E+01  2.71637E+03  7.35363E+04
  3391     547    2    6.40119E+05  3.59634E+04  2.38695E+03  1.17794E+01  1.22642E+04  7.03172E+04
  3392     547    1    1.78168E+05  2.81233E+04  1.35298E+03  3.69941E+00  5.76290E+03  5.02151E+04
  3392     558    2    1.78168E+05  2.81233E+04  1.35298E+03  3.69941E+00  3.22520E+02  6.50906E+04
 
 ELEMENT RESULTS FOR ZONE = P212PLANE_F  CASE COMBINATION  NUMBER =  2
 
 ELEMENT GROUP = 212  (BEAM)  RESULTS ARE MEASURED IN ELEMENT STRESS SYSTEM
 
    EL    NGLOB NLOC       FORCE-R      FORCE-S      FORCE-T     MOMENT-R     MOMENT-S     MOMENT-T
 
  3548     428    1    7.22741E+05  3.43601E+03  5.97997E+03  6.40713E+00  8.39766E+04  1.82367E+03
  3548    1612    2    7.22741E+05  3.43601E+03  5.97997E+03  6.40713E+00  5.65285E+04  1.59416E+04
  3549    1612    1    7.23198E+05  7.92221E+03  5.97997E+03  6.40713E+00  5.65277E+04  1.59416E+04
  3549     460    2    7.23198E+05  7.92221E+03  5.97997E+03  6.40713E+00  3.61360E+04  1.10731E+04
  3552     532    1    7.03678E+05  6.94595E+03  5.70382E+03  6.87332E+00  3.58298E+04  9.99702E+03
  3552    1618    2    7.03678E+05  6.94595E+03  5.70382E+03  6.87332E+00  5.52798E+04  1.36887E+04
  3553    1618    1    7.03174E+05  2.83124E+03  5.70382E+03  6.87332E+00  5.52803E+04  1.36887E+04
  3553     585    2    7.03174E+05  2.83124E+03  5.70382E+03  6.87332E+00  8.14609E+04  2.04453E+03
 
 ELEMENT RESULTS FOR ZONE = P213PLANE_F  CASE COMBINATION  NUMBER =  2
 
 ELEMENT GROUP = 213  (BEAM)  RESULTS ARE MEASURED IN ELEMENT STRESS SYSTEM
 
    EL    NGLOB NLOC       FORCE-R      FORCE-S      FORCE-T     MOMENT-R     MOMENT-S     MOMENT-T
 
  3950     485    1    1.15118E+04  4.97002E+03  1.96662E+04  5.70682E-01  1.03000E+05  1.19177E+02
  3950    1862    2    1.15118E+04  4.97002E+03  1.96662E+04  5.70682E-01  8.33343E+04  4.85085E+03
  3951    1862    1    1.15118E+04  2.55222E+03  1.96662E+04  5.70682E-01  8.33343E+04  4.85085E+03
  3951    1863    2    1.15118E+04  2.55222E+03  1.96662E+04  5.70682E-01  3.90854E+04  8.91649E+02
  3952    1863    1    1.15118E+04  4.35331E+02  1.96662E+04  5.70682E-01  3.90854E+04  8.91649E+02
  3952    1864    2    1.15118E+04  4.35331E+02  1.96662E+04  5.70682E-01  5.16341E+03  1.29281E+02
  3953    1864    1    1.15118E+04  8.85808E+01  1.96662E+04  5.70682E-01  5.16341E+03  1.29281E+02
  3953    1865    2    1.15118E+04  8.85808E+01  1.96662E+04  5.70682E-01  4.94123E+04  7.00256E+01
  3954    1865    1    1.15118E+04  2.81672E+02  1.96662E+04  5.70682E-01  4.94123E+04  7.00256E+01
  3954     520    2    1.15118E+04  2.81672E+02  1.96662E+04  5.70682E-01  7.39949E+04  2.90688E+02
  3955     520    1    1.12294E+04  2.98046E+02  1.94943E+04  5.23941E-01  7.33022E+04  2.90974E+02
  3955    1866    2    1.12294E+04  2.98046E+02  1.94943E+04  5.23941E-01  4.89343E+04  8.15838E+01
  3956    1866    1    1.12294E+04  9.62761E+01  1.94943E+04  5.23941E-01  4.89343E+04  8.15838E+01
  3956    1867    2    1.12294E+04  9.62761E+01  1.94943E+04  5.23941E-01  5.07201E+03  1.35037E+02
  3957    1867    1    1.12294E+04  3.84677E+02  1.94943E+04  5.23941E-01  5.07201E+03  1.35037E+02
  3957    1868    2    1.12294E+04  3.84677E+02  1.94943E+04  5.23941E-01  3.87902E+04  7.77348E+02
  3958    1868    1    1.12294E+04  2.23222E+03  1.94943E+04  5.23941E-01  3.87902E+04  7.77348E+02
  3958    1869    2    1.12294E+04  2.23222E+03  1.94943E+04  5.23941E-01  8.26525E+04  4.24516E+03
  3959    1869    1    1.12294E+04  4.35354E+03  1.94943E+04  5.23941E-01  8.26525E+04  4.24516E+03
  3959     557    2    1.12294E+04  4.35354E+03  1.94943E+04  5.23941E-01  1.02147E+05  1.08383E+02
  3990     487    1    8.30810E+03  8.31901E+02  2.76105E+04  4.79630E-01  1.39705E+05  1.06429E+01
  3990    1798    2    8.30810E+03  8.31901E+02  2.76105E+04  4.79630E-01  1.12094E+05  8.42544E+02
  3991    1798    1    8.30810E+03  4.38641E+02  2.76105E+04  4.79630E-01  1.12094E+05  8.42544E+02
  3991    1799    2    8.30810E+03  4.38641E+02  2.76105E+04  4.79630E-01  4.99706E+04  1.48170E+02
  3992    1799    1    8.30810E+03  8.05207E+01  2.76105E+04  4.79630E-01  4.99706E+04  1.48170E+02
  3992    1800    2    8.30810E+03  8.05207E+01  2.76105E+04  4.79630E-01  1.21532E+04  3.67732E+01
  3993    1800    1    8.30810E+03  1.13839E+01  2.76105E+04  4.79630E-01  1.21532E+04  3.67732E+01
  3993    1801    2    8.30810E+03  1.13839E+01  2.76105E+04  4.79630E-01  7.42769E+04  2.95304E+01
  3994    1801    1    8.30810E+03  3.27675E+01  2.76105E+04  4.79630E-01  7.42769E+04  2.95304E+01
  3994     522    2    8.30810E+03  3.27675E+01  2.76105E+04  4.79630E-01  1.08790E+05  7.04898E+01
  3995     522    1    8.98537E+03  2.87255E+01  2.75388E+04  4.88099E-01  1.08502E+05  7.38779E+01
  3995    1802    2    8.98537E+03  2.87255E+01  2.75388E+04  4.88099E-01  7.40783E+04  3.79711E+01
  3996    1802    1    8.98537E+03  1.00677E+01  2.75388E+04  4.88099E-01  7.40783E+04  3.79711E+01
  3996    1803    2    8.98537E+03  1.00677E+01  2.75388E+04  4.88099E-01  1.21159E+04  6.06234E+01
  3997    1803    1    8.98537E+03  9.12492E+01  2.75388E+04  4.88099E-01  1.21159E+04  6.06234E+01
  3997    1804    2    8.98537E+03  9.12492E+01  2.75388E+04  4.88099E-01  4.98465E+04  1.47437E+02
  3998    1804    1    8.98537E+03  4.72215E+02  2.75388E+04  4.88099E-01  4.98465E+04  1.47437E+02
  3998    1805    2    8.98537E+03  4.72215E+02  2.75388E+04  4.88099E-01  1.11809E+05  9.17797E+02
  3999    1805    1    8.98537E+03  9.07357E+02  2.75388E+04  4.88099E-01  1.11809E+05  9.17797E+02
  3999     559    2    8.98537E+03  9.07357E+02  2.75388E+04  4.88099E-01  1.39348E+05  1.04397E+01
  4034     486    1    1.24367E+04  4.97413E+02  2.12354E+04  5.26740E-01  1.07301E+05  5.25144E+00
  4034    1830    2    1.24367E+04  4.97413E+02  2.12354E+04  5.26740E-01  8.60659E+04  5.01330E+02
  4035    1830    1    1.24367E+04  2.55760E+02  2.12354E+04  5.26740E-01  8.60659E+04  5.01330E+02
  4035    1831    2    1.24367E+04  2.55760E+02  2.12354E+04  5.26740E-01  3.82863E+04  7.41304E+01
  4036    1831    1    1.24367E+04  4.65161E+01  2.12354E+04  5.26740E-01  3.82863E+04  7.41304E+01
  4036    1832    2    1.24367E+04  4.65161E+01  2.12354E+04  5.26740E-01  9.49326E+03  3.05308E+01
  4037    1832    1    1.24367E+04  1.88800E+01  2.12354E+04  5.26740E-01  9.49326E+03  3.05308E+01
  4037    1833    2    1.24367E+04  1.88800E+01  2.12354E+04  5.26740E-01  5.72728E+04  6.53300E+01
  4038    1833    1    1.24367E+04  4.37855E+01  2.12354E+04  5.26740E-01  5.72728E+04  6.53300E+01
  4038     521    2    1.24367E+04  4.37855E+01  2.12354E+04  5.26740E-01  8.38170E+04  1.05981E+01
  4039     521    1    1.18281E+04  4.49066E+01  2.11247E+04  4.47681E-01  8.33714E+04  5.47412E+00
  4039    1834    2    1.18281E+04  4.49066E+01  2.11247E+04  4.47681E-01  5.69656E+04  5.85057E+01
  4040    1834    1    1.18281E+04  1.44450E+01  2.11247E+04  4.47681E-01  5.69656E+04  5.85057E+01
  4040    1835    2    1.18281E+04  1.44450E+01  2.11247E+04  4.47681E-01  9.43497E+03  4.19518E+01
  4041    1835    1    1.18281E+04  4.86437E+01  2.11247E+04  4.47681E-01  9.43497E+03  4.19518E+01
  4041    1836    2    1.18281E+04  4.86437E+01  2.11247E+04  4.47681E-01  3.81205E+04  6.74967E+01
  4042    1836    1    1.18281E+04  2.56199E+02  2.11247E+04  4.47681E-01  3.81205E+04  6.74967E+01
  4042    1837    2    1.18281E+04  2.56199E+02  2.11247E+04  4.47681E-01  8.56262E+04  5.08950E+02
  4043    1837    1    1.18281E+04  5.02998E+02  2.11247E+04  4.47681E-01  8.56262E+04  5.08950E+02
  4043     558    2    1.18281E+04  5.02998E+02  2.11247E+04  4.47681E-01  1.06751E+05  5.95286E+00

