 
 Barh wind load
 
 ELEMENT RESULTS FOR ZONE = P7PLANE_C  CASE COMBINATION  NUMBER =  1
 
 ELEMENT GROUP =  7  (BEAM)  RESULTS ARE MEASURED IN ELEMENT STRESS SYSTEM
 
    EL    NGLOB NLOC       FORCE-R      FORCE-S      FORCE-T     MOMENT-R     MOMENT-S     MOMENT-T
 
  1666     857    1    9.73962E+03  3.44554E+02  6.75455E+02  3.56877E-01  2.78583E+03  7.05972E+02
  1666    1135    2    9.73962E+03  3.44554E+02  6.75455E+02  3.56877E-01  8.40136E+01  6.72244E+02
  1667    1135    1    9.76417E+03  2.47642E+02  6.75455E+02  3.56877E-01  8.41455E+01  6.72244E+02
  1667     905    2    9.76417E+03  2.47642E+02  6.75455E+02  3.56877E-01  2.61767E+03  3.33916E+02
  1668     905    1    1.12855E+04  2.29692E+02  1.09371E+03  2.87057E-01  4.79452E+03  8.66663E+02
  1668    1136    2    1.12855E+04  2.29692E+02  1.09371E+03  2.87057E-01  4.19674E+02  1.49767E+02
  1669    1136    1    1.12980E+04  2.26667E+02  1.09371E+03  2.87057E-01  4.19624E+02  1.49767E+02
  1669     939    2    1.12980E+04  2.26667E+02  1.09371E+03  2.87057E-01  3.95522E+03  8.99225E+02
  1670    1012    1    1.05119E+04  2.25106E+02  1.11749E+03  2.75805E-01  4.02265E+03  8.93434E+02
  1670    1137    2    1.05119E+04  2.25106E+02  1.11749E+03  2.75805E-01  4.47303E+02  1.35268E+02
  1671    1137    1    1.04976E+04  2.20578E+02  1.11749E+03  2.75805E-01  4.47353E+02  1.35268E+02
  1671    1070    2    1.04976E+04  2.20578E+02  1.11749E+03  2.75805E-01  4.91731E+03  8.68990E+02
  1672    1070    1    9.81944E+03  1.60769E+02  6.90291E+02  3.79678E-01  2.61518E+03  5.11509E+02
  1672    1138    2    9.81944E+03  1.60769E+02  6.90291E+02  3.79678E-01  1.45988E+02  1.31566E+02
  1673    1138    1    9.80172E+03  7.64899E+01  6.90291E+02  3.79678E-01  1.45860E+02  1.31566E+02
  1673    1118    2    9.80172E+03  7.64899E+01  6.90291E+02  3.79678E-01  2.90703E+03  2.74759E+02
  1812     901    1    5.21574E+03  3.98815E+02  1.59598E+03  5.26928E-01  6.87167E+03  1.20441E+03
  1812    1170    2    5.21574E+03  3.98815E+02  1.59598E+03  5.26928E-01  4.87739E+02  3.90854E+02
  1813    1170    1    5.20758E+03  6.32208E+01  1.59598E+03  5.26928E-01  4.87905E+02  3.90854E+02
  1813     935    2    5.20758E+03  6.32208E+01  1.59598E+03  5.26928E-01  5.89603E+03  1.74207E+02
  1814    1008    1    1.02349E+04  1.24057E+02  1.68332E+03  5.14295E-01  6.21304E+03  2.23294E+02
  1814    1171    2    1.02349E+04  1.24057E+02  1.68332E+03  5.14295E-01  5.20250E+02  5.34750E+02
  1815    1171    1    1.02449E+04  4.77092E+02  1.68332E+03  5.14295E-01  5.20075E+02  5.34750E+02
  1815    1066    2    1.02449E+04  4.77092E+02  1.68332E+03  5.14295E-01  7.25336E+03  1.37362E+03
  1905     830    1    9.47647E+04  8.56404E+02  6.60141E+02  3.30340E-01  2.38228E+03  9.79407E+02
  1905    1214    2    9.47647E+04  8.56404E+02  6.60141E+02  3.30340E-01  2.58960E+02  2.44621E+03
  1906    1214    1    9.47973E+04  1.45335E+03  6.60141E+02  3.30340E-01  2.58751E+02  2.44621E+03
  1906     885    2    9.47973E+04  1.45335E+03  6.60141E+02  3.30340E-01  2.89862E+03  3.36718E+03
  1907    1043    1    8.86934E+04  5.44264E+02  5.06091E+02  2.51113E-01  2.30455E+03  1.46699E+03
  1907    1215    2    8.86934E+04  5.44264E+02  5.06091E+02  2.51113E-01  2.80191E+02  7.10069E+02
  1908    1215    1    8.86645E+04  1.13515E+02  5.06091E+02  2.51113E-01  2.80454E+02  7.10069E+02
  1908    1098    2    8.86645E+04  1.13515E+02  5.06091E+02  2.51113E-01  1.74391E+03  2.88617E+02
  1939     826    1    3.74760E+03  4.19712E+02  7.46056E+02  6.64022E-02  3.15931E+03  5.12266E+02
  1939    1224    2    3.74760E+03  4.19712E+02  7.46056E+02  6.64022E-02  3.04403E+02  1.54415E+03
  1964    1224    1    3.76184E+03  1.01687E+03  7.46030E+02  6.64022E-02  3.04369E+02  1.54415E+03
  1964     881    2    3.76184E+03  1.01687E+03  7.46030E+02  6.64022E-02  2.80906E+03  2.52335E+03
  1965    1039    1    2.78315E+03  2.05018E+02  9.66434E+02  3.75695E-02  3.69195E+03  8.67901E+02
  1965    1225    2    2.78315E+03  2.05018E+02  9.66434E+02  3.75695E-02  2.78757E+02  4.01418E+02
  1966    1225    1    2.77188E+03  2.96729E+02  9.66434E+02  3.75695E-02  2.78823E+02  4.01418E+02
  1966    1094    2    2.77188E+03  2.96729E+02  9.66434E+02  3.75695E-02  4.03958E+03  7.85497E+02
  1983     818    1    6.42235E+02  3.23941E+02  4.22348E+02  7.99035E-01  1.73390E+03  1.95506E+02
  1983    1235    2    6.42235E+02  3.23941E+02  4.22348E+02  7.99035E-01  7.40273E+01  1.35874E+03
  1984    1235    1    6.52247E+02  9.28756E+02  4.22347E+02  7.99035E-01  7.40419E+01  1.35874E+03
  1984     873    2    6.52247E+02  9.28756E+02  4.22347E+02  7.99035E-01  1.64487E+03  2.35628E+03
  1985    1031    1    3.46416E+02  4.73781E+02  3.46177E+02  8.74159E-01  1.36058E+03  1.48387E+03
  1985    1236    2    3.46416E+02  4.73781E+02  3.46177E+02  8.74159E-01  6.57395E+01  4.29847E+02
  1986    1236    1    3.46671E+02  6.70687E+01  3.46177E+02  8.74159E-01  6.57565E+01  4.29847E+02
  1986    1086    2    3.46671E+02  6.70687E+01  3.46177E+02  8.74159E-01  1.40885E+03  6.79532E+02
  2009     814    1    1.07337E+04  3.57644E+02  2.14777E+02  2.98274E-01  8.57399E+02  2.36791E+02
  2009    1245    2    1.07337E+04  3.57644E+02  2.14777E+02  2.98274E-01  3.50230E+01  1.66737E+03
  2010    1245    1    1.07747E+04  1.07116E+03  2.14780E+02  2.98274E-01  3.49669E+01  1.66737E+03
  2010     869    2    1.07747E+04  1.07116E+03  2.14780E+02  2.98274E-01  8.77882E+02  2.61727E+03
  2011    1027    1    1.24731E+04  3.26840E+02  3.44327E+01  2.17902E-01  1.69951E+02  1.03654E+03
  2011    1246    2    1.24731E+04  3.26840E+02  3.44327E+01  2.17902E-01  3.53373E+01  2.70816E+02
  2012    1246    1    1.24525E+04  9.67997E+01  3.44327E+01  2.17902E-01  3.54036E+01  2.70816E+02
  2012    1082    2    1.24525E+04  9.67997E+01  3.44327E+01  2.17902E-01  1.46759E+02  5.12139E+02
  2256     822    1    1.06299E+04  5.89576E+02  8.20693E+02  1.61893E-01  3.23231E+03  1.06694E+03
  2256    1315    2    1.06299E+04  5.89576E+02  8.20693E+02  1.61893E-01  7.16938E+01  1.29136E+03
  2257    1315    1    1.06600E+04  5.70363E+02  8.20693E+02  1.61893E-01  7.16601E+01  1.29136E+03
  2257     877    2    1.06600E+04  5.70363E+02  8.20693E+02  1.61893E-01  3.33322E+03  9.90088E+02
  2258    1035    1    8.37273E+03  5.17192E+02  8.45504E+02  2.07434E-01  3.42578E+03  9.07711E+02
  2258    1316    2    8.37273E+03  5.17192E+02  8.45504E+02  2.07434E-01  6.73067E+01  1.16106E+03
  2259    1316    1    8.35000E+03  5.36541E+02  8.45504E+02  2.07434E-01  6.73067E+01  1.16106E+03
  2259    1090    2    8.35000E+03  5.36541E+02  8.45504E+02  2.07434E-01  3.33825E+03  1.04168E+03
  2464     849    1    2.48271E+04  5.81036E+01  2.23192E+02  2.68601E-01  9.00535E+02  1.49745E+02
  2464    1370    2    2.48271E+04  5.81036E+01  2.23192E+02  2.68601E-01  9.05092E+00  8.26690E+01
  2465    1370    1    1.28339E+04  6.97259E+01  2.23192E+02  2.68601E-01  9.12116E+00  8.26690E+01
  2465     897    2    1.28339E+04  6.97259E+01  2.23192E+02  2.68601E-01  8.85050E+02  2.32138E+02
  2466     897    1    1.28107E+04  3.01560E+02  1.72634E+03  3.87990E-01  7.17326E+03  1.01882E+03
  2466    1371    2    1.28107E+04  3.01560E+02  1.72634E+03  3.87990E-01  2.67896E+02  1.87420E+02
  2467    1371    1    1.28055E+04  4.24021E+01  1.72634E+03  3.87990E-01  2.68018E+02  1.87420E+02
  2467     932    2    1.28055E+04  4.24021E+01  1.72634E+03  3.87990E-01  6.63735E+03  3.57029E+02
  2468    1005    1    1.25205E+04  2.47467E+01  1.81034E+03  3.08515E-01  6.98537E+03  2.78215E+02
  2468    1372    2    1.25205E+04  2.47467E+01  1.81034E+03  3.08515E-01  2.55983E+02  1.79228E+02
  2469    1372    1    1.25266E+04  2.81091E+02  1.81034E+03  3.08515E-01  2.55846E+02  1.79228E+02
  2469    1062    2    1.25266E+04  2.81091E+02  1.81034E+03  3.08515E-01  7.49720E+03  9.45134E+02
  2470    1062    1    1.27606E+04  2.96445E+01  1.63512E+02  1.78882E-01  6.71127E+02  1.19674E+02
  2470    1373    2    1.27606E+04  2.96445E+01  1.63512E+02  1.78882E-01  4.56308E+01  5.48279E+01
  2471    1373    1    1.98588E+04  3.36581E+01  1.63512E+02  1.78882E-01  4.55398E+01  5.48279E+01
  2471    1110    2    1.98588E+04  3.36581E+01  1.63512E+02  1.78882E-01  6.37044E+02  7.98045E+01
  2662     845    1    4.66477E+04  1.01094E+02  3.65674E+02  6.93429E-01  1.47796E+03  2.02310E+02
  2662    1432    2    4.66477E+04  1.01094E+02  3.65674E+02  6.93429E-01  5.65357E+01  2.02065E+02
  2663    1432    1    1.18546E+04  8.51302E+01  3.65674E+02  6.93429E-01  5.63228E+01  2.02065E+02
  2663     893    2    1.18546E+04  8.51302E+01  3.65674E+02  6.93429E-01  1.44760E+03  1.59421E+02
  2664     893    1    1.64473E+04  3.78348E+02  2.08600E+03  1.15609E-01  8.92092E+03  1.29878E+03
  2664    1433    2    1.64473E+04  3.78348E+02  2.08600E+03  1.15609E-01  5.76904E+02  2.14612E+02
  2665    1433    1    1.64314E+04  6.51745E+01  2.08600E+03  1.15609E-01  5.77197E+02  2.14612E+02
  2665     929    2    1.64314E+04  6.51745E+01  2.08600E+03  1.15609E-01  7.76682E+03  4.24385E+02
  2666    1002    1    1.57953E+04  4.42658E+01  2.17073E+03  8.15494E-02  8.07527E+03  3.01676E+02
  2666    1434    2    1.57953E+04  4.42658E+01  2.17073E+03  8.15494E-02  6.07668E+02  1.74476E+02
  2667    1434    1    1.58113E+04  3.24009E+02  2.17073E+03  8.15494E-02  6.07361E+02  1.74476E+02
  2667    1058    2    1.58113E+04  3.24009E+02  2.17073E+03  8.15494E-02  9.29030E+03  1.12156E+03
  2668    1058    1    1.27421E+04  5.79615E+01  4.57285E+02  6.73557E-01  1.83054E+03  1.02824E+02
  2668    1435    2    1.27421E+04  5.79615E+01  4.57285E+02  6.73557E-01  3.21078E+01  1.71134E+02
  2669    1435    1    4.55540E+04  9.27950E+01  4.57285E+02  6.73557E-01  3.23211E+01  1.71134E+02
  2669    1106    2    4.55540E+04  9.27950E+01  4.57285E+02  6.73557E-01  1.82792E+03  2.00046E+02
  3234     935    1    2.83482E+04  2.84338E+01  4.05516E+02  1.68244E-01  1.28988E+03  7.65546E+01
  3234     971    2    2.83482E+04  2.84338E+01  4.05516E+02  1.68244E-01  2.49185E+03  2.03813E+02
  3235     971    1    2.95206E+04  2.87164E+01  4.86913E+02  1.79814E-01  2.86262E+03  1.92965E+02
  3235    1008    2    2.95206E+04  2.87164E+01  4.86913E+02  1.79814E-01  1.51959E+03  6.58598E+01
  3278     929    1    3.48426E+04  1.83153E+01  1.12317E+03  4.05256E-01  4.54304E+03  1.40899E+02
  3278     965    2    3.48426E+04  1.83153E+01  1.12317E+03  4.05256E-01  5.56548E+03  8.27562E+01
  3279     965    1    3.49147E+04  1.65019E+01  1.24735E+03  4.62913E-01  6.11400E+03  1.61287E+02
  3279    1002    2    3.49147E+04  1.65019E+01  1.24735E+03  4.62913E-01  5.11214E+03  4.77573E+01
  3416     939    1    5.15007E+04  7.35390E+01  5.03069E+02  3.94913E-01  1.84852E+03  3.10025E+02
  3416     974    2    5.15007E+04  7.35390E+01  5.03069E+02  3.94913E-01  2.67910E+03  3.51825E+02
  3417     974    1    5.15144E+04  7.29341E+01  5.14539E+02  3.91529E-01  2.72019E+03  3.47921E+02
  3417    1012    2    5.15144E+04  7.29341E+01  5.14539E+02  3.91529E-01  1.91066E+03  3.08486E+02
 35747     889    1    1.79806E+04  8.95958E+02  2.00200E+03  1.18829E+00  8.45070E+03  2.34756E+03
 35747    1196    2    1.79806E+04  8.95958E+02  2.00200E+03  1.18829E+00  6.56033E+02  1.23628E+03
 35748    1196    1    1.79910E+04  4.23669E+02  1.91647E+03  1.18829E+00  6.56038E+02  1.23628E+03
 35748     919    2    1.79910E+04  4.23669E+02  1.91647E+03  1.18829E+00  7.22303E+03  4.58401E+02
 35751     992    1    2.22134E+04  4.33016E+02  1.94897E+03  1.18161E+00  7.35961E+03  5.54034E+02
 35751    1197    2    2.22134E+04  4.33016E+02  1.94897E+03  1.18161E+00  6.31791E+02  1.17803E+03
 35752    1197    1    2.22028E+04  8.25771E+02  2.07347E+03  1.18161E+00  6.31757E+02  1.17803E+03
 35752    1047    2    2.22028E+04  8.25771E+02  2.07347E+03  1.18161E+00  8.73004E+03  2.12505E+03
 
 ELEMENT RESULTS FOR ZONE = P9PLANE_C  CASE COMBINATION  NUMBER =  1
 
 ELEMENT GROUP =  9  (BEAM)  RESULTS ARE MEASURED IN ELEMENT STRESS SYSTEM
 
    EL    NGLOB NLOC       FORCE-R      FORCE-S      FORCE-T     MOMENT-R     MOMENT-S     MOMENT-T
 
  1810     853    1    1.70391E+04  4.95826E+01  1.06395E+01  5.37506E-02  4.52298E+01  1.07286E+02
  1810    1169    2    1.70391E+04  4.95826E+01  1.06395E+01  5.37506E-02  2.67180E+00  9.10443E+01
  1811    1169    1    3.30538E+03  3.81950E+01  1.08631E+01  5.37506E-02  3.81555E+00  9.10443E+01
  1811     901    2    3.30538E+03  3.81950E+01  1.08631E+01  5.37506E-02  3.96369E+01  6.17357E+01
  1816    1066    1    1.50830E+03  4.98186E+01  1.08605E+01  5.51506E-02  4.12305E+01  7.86568E+01
  1816    1172    2    1.50830E+03  4.98186E+01  1.08605E+01  5.51506E-02  2.21141E+00  1.20618E+02
  1817    1172    1    6.57723E+03  6.70288E+01  1.09483E+01  5.51506E-02  2.65635E+00  1.20618E+02
  1817    1114    2    6.57723E+03  6.70288E+01  1.09483E+01  5.51506E-02  4.64494E+01  1.47497E+02
 
 ELEMENT RESULTS FOR ZONE = P13PLANE_C  CASE COMBINATION  NUMBER =  1
 
 ELEMENT GROUP =  13  (TRUSS)  RESULTS ARE MEASURED IN ELEMENT STRESS SYSTEM
 
    EL  POINT                 FORCE-R    STRESS-RR
 
  1597     1              8.29016E+03  6.34338E+05
  1600     1              5.83381E+04  4.46386E+06
  1605     1              1.26541E+05  9.68256E+06
  1607     1              5.77119E+04  4.41594E+06
  1610     1              1.23276E+05  9.43271E+06
  1612     1              1.28184E+05  9.80828E+06
  1615     1              6.24880E+04  4.78139E+06
  1617     1              5.25836E+04  4.02353E+06
  1623     1              1.21994E+04  9.33457E+05
  1625     1              1.27332E+05  9.74305E+06
 
 ELEMENT RESULTS FOR ZONE = P17PLANE_C  CASE COMBINATION  NUMBER =  1
 
 ELEMENT GROUP =  17  (BEAM)  RESULTS ARE MEASURED IN ELEMENT STRESS SYSTEM
 
    EL    NGLOB NLOC       FORCE-R      FORCE-S      FORCE-T     MOMENT-R     MOMENT-S     MOMENT-T
 
  3360     965    1    2.09044E+04  1.36788E+02  3.16602E+03  5.52567E-01  1.56692E+04  2.96876E+02
  3360     977    2    2.09044E+04  1.36788E+02  3.16602E+03  5.52567E-01  1.89142E+03  3.87067E+02
  3540     955    1    2.27174E+04  3.13671E+01  4.60879E+03  3.54636E-01  2.35456E+04  1.48353E+02
  3540     953    2    2.27174E+04  3.13671E+01  4.60879E+03  3.54636E-01  2.39250E+04  1.74728E+02
 
 ELEMENT RESULTS FOR ZONE = P18PLANE_C  CASE COMBINATION  NUMBER =  1
 
 ELEMENT GROUP =  18  (BEAM)  RESULTS ARE MEASURED IN ELEMENT STRESS SYSTEM
 
    EL    NGLOB NLOC       FORCE-R      FORCE-S      FORCE-T     MOMENT-R     MOMENT-S     MOMENT-T
 
  1231     945    1    4.33849E+05  6.81181E+00  5.27214E+03  2.55774E-02  4.34189E+04  2.46760E+01
  1231     974    2    4.33849E+05  6.81181E+00  5.27214E+03  2.55774E-02  8.77524E+03  4.27609E+01
  3354     942    1    1.10928E+05  5.14626E+03  1.12375E+04  5.51189E+01  8.50041E+03  9.99089E+03
  3354     919    2    1.10928E+05  5.14626E+03  1.12375E+04  5.51189E+01  5.26992E+04  1.05942E+04
  3355     974    1    4.30030E+05  1.02837E+01  2.89223E+03  8.26754E-02  1.35850E+04  5.04043E+01
  3355     971    2    4.30030E+05  1.02837E+01  2.89223E+03  8.26754E-02  1.27863E+04  5.13148E+01
  3356     971    1    2.01412E+05  1.80351E+02  1.43022E+03  3.52686E-01  3.77517E+03  4.22086E+02
  3356     979    2    2.01412E+05  1.80351E+02  1.43022E+03  3.52686E-01  3.37592E+03  4.79669E+02
  3357     979    1    2.06722E+05  1.93033E+02  1.53576E+03  9.14951E-02  3.37630E+03  4.29819E+02
  3357     968    2    2.06722E+05  1.93033E+02  1.53576E+03  9.14951E-02  9.51934E+03  3.42313E+02
  3358     968    1    2.03317E+05  1.48361E+02  4.66452E+03  4.19802E-01  2.04656E+04  2.53783E+02
  3358     978    2    2.03317E+05  1.48361E+02  4.66452E+03  4.19802E-01  1.34106E+03  3.54496E+02
  3359     978    1    2.09914E+05  1.63261E+02  3.95508E+03  1.14943E-01  1.34128E+03  3.85068E+02
  3359     965    2    2.09914E+05  1.63261E+02  3.95508E+03  1.14943E-01  1.40835E+04  2.51650E+02
  3368    1015    1    1.15113E+05  5.34851E+03  1.11316E+04  5.58052E+01  8.72722E+03  1.04024E+04
  3368     992    2    1.15113E+05  5.34851E+03  1.11316E+04  5.58052E+01  5.30345E+04  1.09917E+04
 
 ELEMENT RESULTS FOR ZONE = P19PLANE_C  CASE COMBINATION  NUMBER =  1
 
 ELEMENT GROUP =  19  (BEAM)  RESULTS ARE MEASURED IN ELEMENT STRESS SYSTEM
 
    EL    NGLOB NLOC       FORCE-R      FORCE-S      FORCE-T     MOMENT-R     MOMENT-S     MOMENT-T
 
  3343     992    1    1.89143E+04  1.29541E+03  5.35759E+02  5.24220E+01  5.50934E+03  5.80014E+03
  3343     990    2    1.89143E+04  1.29541E+03  5.35759E+02  5.24220E+01  8.97329E+00  7.64057E+03
  3344     919    1    1.91451E+04  1.21274E+03  4.46077E+02  5.59210E+01  4.58559E+03  5.45468E+03
  3344     917    2    1.91451E+04  1.21274E+03  4.46077E+02  5.59210E+01  9.00650E+00  7.14747E+03
  3352     943    1    1.70546E+05  3.43014E+03  1.25323E+03  1.51253E+01  5.25831E+03  6.76638E+03
  3352     929    2    1.70546E+05  3.43014E+03  1.25323E+03  1.51253E+01  4.57564E+03  6.61116E+03
  3353     929    1    1.07034E+05  3.60314E+03  5.78701E+03  5.57649E+01  2.11855E+04  8.96131E+03
  3353     942    2    1.07034E+05  3.60314E+03  5.78701E+03  5.57649E+01  8.50013E+03  9.05438E+03
  3366    1016    1    1.74832E+05  3.63214E+03  1.27405E+03  1.32256E+01  5.68463E+03  7.24545E+03
  3366    1002    2    1.74832E+05  3.63214E+03  1.27405E+03  1.32256E+01  4.17814E+03  6.91991E+03
  3367    1002    1    1.11014E+05  3.64245E+03  6.06111E+03  5.58014E+01  2.17970E+04  9.12397E+03
  3367    1015    2    1.11014E+05  3.64245E+03  6.06111E+03  5.58014E+01  8.72701E+03  9.08828E+03
 
 ELEMENT RESULTS FOR ZONE = P20PLANE_C  CASE COMBINATION  NUMBER =  1
 
 ELEMENT GROUP =  20  (BEAM)  RESULTS ARE MEASURED IN ELEMENT STRESS SYSTEM
 
    EL    NGLOB NLOC       FORCE-R      FORCE-S      FORCE-T     MOMENT-R     MOMENT-S     MOMENT-T
 
  1055     845    1    3.15435E+05  1.71955E+04  5.22484E+03  1.07145E+01  1.66912E+04  6.98209E+04
  1055     834    2    3.15435E+05  1.71955E+04  5.22484E+03  1.07145E+01  3.03324E+04  8.49382E+04
  1405    1106    1    3.18666E+05  1.73741E+04  4.79808E+03  8.51849E+00  1.58192E+04  7.05289E+04
  1405    1102    2    3.18666E+05  1.73741E+04  4.79808E+03  8.51849E+00  2.73636E+04  8.58378E+04
 
 ELEMENT RESULTS FOR ZONE = P39PLANE_C  CASE COMBINATION  NUMBER =  1
 
 ELEMENT GROUP =  39  (TRUSS)  RESULTS ARE MEASURED IN ELEMENT STRESS SYSTEM
 
    EL  POINT                 FORCE-R    STRESS-RR
 
  1599     1              4.04634E+04  4.52879E+06
  1611     1              1.05299E+05  1.17854E+07
  1626     1              4.36574E+04  4.88627E+06
  1627     1              1.09712E+05  1.22793E+07
 
 ELEMENT RESULTS FOR ZONE = P44PLANE_C  CASE COMBINATION  NUMBER =  1
 
 ELEMENT GROUP =  44  (BEAM)  RESULTS ARE MEASURED IN ELEMENT STRESS SYSTEM
 
    EL    NGLOB NLOC       FORCE-R      FORCE-S      FORCE-T     MOMENT-R     MOMENT-S     MOMENT-T
 
  1051     834    1    3.24094E+05  1.10856E+04  6.03253E+03  1.18811E+01  3.37822E+04  6.00952E+04
  1051     830    2    3.24094E+05  1.10856E+04  6.03253E+03  1.18811E+01  2.83528E+04  5.40860E+04
  1059     849    1    1.41212E+05  8.87826E+03  2.93828E+03  2.11698E+00  7.89057E+03  3.15940E+04
  1059     845    2    1.41212E+05  8.87826E+03  2.93828E+03  2.11698E+00  1.56156E+04  3.94320E+04
  1063     853    1    1.44949E+05  1.03670E+04  2.13531E+03  2.87731E+00  1.07945E+04  5.17825E+04
  1063     849    2    1.44949E+05  1.03670E+04  2.13531E+03  2.87731E+00  8.42326E+03  4.15203E+04
  1068     806    1    3.70498E+05  7.39749E+03  3.26980E+03  7.78559E+00  1.50831E+04  4.55446E+04
  1068     857    2    3.70498E+05  7.39749E+03  3.26980E+03  7.78559E+00  1.84085E+04  2.76906E+04
  1069     857    1    3.28127E+05  2.20776E+03  3.02343E+03  1.03374E+01  1.64386E+04  1.54583E+04
  1069     853    2    3.28127E+05  2.20776E+03  3.02343E+03  1.03374E+01  1.07723E+04  4.41159E+03
  1401    1102    1    3.35642E+05  1.13691E+04  5.88757E+03  4.00271E+00  3.08615E+04  6.20099E+04
  1401    1098    2    3.35642E+05  1.13691E+04  5.88757E+03  4.00271E+00  2.97805E+04  5.50920E+04
  1409    1110    1    1.47284E+05  8.86943E+03  2.44138E+03  1.77684E+00  4.64275E+03  3.16771E+04
  1409    1106    2    1.47284E+05  8.86943E+03  2.44138E+03  1.77684E+00  1.48883E+04  3.92783E+04
  1413    1114    1    1.45746E+05  1.03823E+04  9.79116E+02  1.31273E+00  4.32564E+03  5.18239E+04
  1413    1110    2    1.45746E+05  1.03823E+04  9.79116E+02  1.31273E+00  4.48641E+03  4.16167E+04
  1418    1074    1    3.67810E+05  7.32643E+03  2.91093E+03  1.28290E+00  1.46636E+04  4.51464E+04
  1418    1118    2    3.67810E+05  7.32643E+03  2.91093E+03  1.28290E+00  1.44493E+04  2.73853E+04
  1419    1118    1    3.28258E+05  2.22502E+03  1.85829E+03  1.00857E+01  1.24071E+04  1.55922E+04
  1419    1114    2    3.28258E+05  2.22502E+03  1.85829E+03  1.00857E+01  4.31751E+03  4.43298E+03
 
 ELEMENT RESULTS FOR ZONE = P49PLANE_C  CASE COMBINATION  NUMBER =  1
 
 ELEMENT GROUP =  49  (BEAM)  RESULTS ARE MEASURED IN ELEMENT STRESS SYSTEM
 
    EL    NGLOB NLOC       FORCE-R      FORCE-S      FORCE-T     MOMENT-R     MOMENT-S     MOMENT-T
 
  1120    4453    1    4.29918E+05  9.06685E+03  4.93674E+03  5.74953E+00  2.28029E+04  9.00761E+03
  1120     889    2    4.29918E+05  9.06685E+03  4.93674E+03  5.74953E+00  2.70485E+04  1.68051E+04
  1123     897    1    7.15285E+04  2.24058E+03  2.87153E+02  5.01114E+00  5.28669E+03  1.06849E+04
  1123     893    2    7.15285E+04  2.24058E+03  2.87153E+02  5.01114E+00  2.98946E+03  7.23973E+03
  1130     861    1    3.31147E+05  1.39658E+04  2.01237E+03  1.18523E+01  6.76537E+03  8.92359E+04
  1130     905    2    3.31147E+05  1.39658E+04  2.01237E+03  1.18523E+01  1.35587E+04  4.90255E+04
  1131     905    1    3.35344E+05  2.42426E+03  6.94607E+02  1.43149E+01  7.91215E+03  4.94068E+02
  1131     901    2    3.35344E+05  2.42426E+03  6.94607E+02  1.43149E+01  4.81464E+03  2.13243E+04
  1327    1019    1    3.20751E+05  1.37550E+04  2.06740E+03  1.14660E+01  7.40815E+03  8.84767E+04
  1327    1070    2    3.20751E+05  1.37550E+04  2.06740E+03  1.14660E+01  1.35485E+04  4.76980E+04
  1328    1070    1    3.24670E+05  1.98007E+03  7.21335E+02  9.59612E+00  7.90849E+03  1.92344E+03
  1328    1066    2    3.24670E+05  1.98007E+03  7.21335E+02  9.59612E+00  2.91367E+03  1.90702E+04
  3335     889    1    4.16115E+05  1.28914E+04  2.06282E+03  1.20695E+01  1.96333E+04  5.65873E+04
  3335     885    2    4.16115E+05  1.28914E+04  2.06282E+03  1.20695E+01  9.19786E+03  7.61941E+04
  3336     885    1    6.42177E+05  3.13137E+03  2.32112E+03  3.84487E+00  3.10703E+04  3.27478E+04
  3336     881    2    6.42177E+05  3.13137E+03  2.32112E+03  3.84487E+00  1.79496E+04  7.40368E+03
  3337     881    1    6.38175E+05  1.48816E+03  2.89806E+03  4.78047E+00  1.95350E+04  1.39483E+04
  3337     877    2    6.38175E+05  1.48816E+03  2.89806E+03  4.78047E+00  8.76307E+03  8.05068E+03
  3339    1043    1    6.48324E+05  2.86615E+03  3.59058E+03  1.88934E+01  3.62837E+04  3.24487E+04
  3339    1039    2    6.48324E+05  2.86615E+03  3.59058E+03  1.88934E+01  1.39519E+04  9.23288E+03
  3340    1039    1    6.44243E+05  1.10076E+03  2.81406E+03  1.27123E+01  1.62845E+04  1.03756E+04
  3340    1035    2    6.44243E+05  1.10076E+03  2.81406E+03  1.27123E+01  1.28222E+04  1.68466E+04
  3342    1047    1    4.30591E+05  1.24382E+04  2.09669E+03  9.32601E+00  1.80639E+04  5.33945E+04
  3342    1043    2    4.30591E+05  1.24382E+04  2.09669E+03  9.32601E+00  5.90093E+03  7.47186E+04
 29958    4457    1    4.44695E+05  9.55065E+03  4.78133E+03  8.72304E+00  2.29013E+04  1.14496E+04
 29958    1047    2    4.44695E+05  9.55065E+03  4.78133E+03  8.72304E+00  2.70133E+04  1.96632E+04
 30833     897    1    6.19139E+04  2.85648E+04  2.60290E+02  1.84708E+01  5.06430E+03  5.06773E+04
 30833    4692    2    6.19139E+04  2.85648E+04  2.60290E+02  1.84708E+01  4.41351E+03  6.50101E+04
 30834    4692    1    8.13865E+04  1.80191E+04  3.68430E+02  1.87407E+01  4.24969E+03  4.37384E+04
 30834     893    2    8.13865E+04  1.80191E+04  3.68430E+02  1.87407E+01  2.79439E+03  2.74370E+04
 30835     901    1    1.05589E+05  3.12812E+04  2.76619E+02  2.61816E+01  3.88078E+03  9.39243E+04
 30835    4691    2    1.05589E+05  3.12812E+04  2.76619E+02  2.61816E+01  2.48386E+03  6.40460E+04
 30836    4691    1    1.25284E+05  2.01932E+04  2.43910E+02  2.89714E+01  2.55381E+03  3.57991E+04
 30836     897    2    1.25284E+05  2.01932E+04  2.43910E+02  2.89714E+01  2.36612E+03  4.39642E+04
 30837     893    1    4.50904E+05  4.28179E+04  4.68570E+03  9.19537E+00  1.60511E+04  8.66227E+04
 30837    4693    2    4.50904E+05  4.28179E+04  4.68570E+03  9.19537E+00  2.92598E+03  8.67898E+04
 30838    4693    1    4.29918E+05  9.06685E+03  4.93674E+03  5.74953E+00  2.61161E+03  2.80758E+04
 30838    4453    2    4.29918E+05  9.06685E+03  4.93674E+03  5.74953E+00  2.28029E+04  9.00761E+03
 30851    1062    1    1.20789E+05  2.98008E+04  3.57131E+02  2.13983E+01  7.05065E+03  5.57683E+04
 30851    4695    2    1.20789E+05  2.98008E+04  3.57131E+02  2.13983E+01  5.81387E+03  6.49251E+04
 30852    4695    1    1.40277E+05  1.76383E+04  4.07888E+02  1.64422E+01  5.70870E+03  4.20543E+04
 30852    1058    2    1.40277E+05  1.76383E+04  4.07888E+02  1.64422E+01  4.09754E+03  2.76170E+04
 30853    1066    1    9.37733E+04  2.99328E+04  5.46855E+02  3.13047E+01  4.26014E+03  8.84759E+04
 30853    4694    2    9.37733E+04  2.99328E+04  5.46855E+02  3.13047E+01  1.49852E+03  6.26850E+04
 30854    4694    1    1.13112E+05  1.97727E+04  5.59084E+02  2.72637E+01  1.49899E+03  3.47046E+04
 30854    1062    2    1.13112E+05  1.97727E+04  5.59084E+02  2.72637E+01  1.02353E+03  4.33975E+04
 30855    1058    1    4.65900E+05  4.30864E+04  4.62955E+03  1.09296E+01  1.51194E+04  8.83264E+04
 30855    4696    2    4.65900E+05  4.30864E+04  4.62955E+03  1.09296E+01  3.63024E+03  8.61735E+04
 30856    4696    1    4.44695E+05  9.55065E+03  4.78133E+03  8.72304E+00  3.34565E+03  2.76125E+04
 30856    4457    2    4.44695E+05  9.55065E+03  4.78133E+03  8.72304E+00  2.29013E+04  1.14496E+04
 
 ELEMENT RESULTS FOR ZONE = P50PLANE_C  CASE COMBINATION  NUMBER =  1
 
 ELEMENT GROUP =  50  (BEAM)  RESULTS ARE MEASURED IN ELEMENT STRESS SYSTEM
 
    EL    NGLOB NLOC       FORCE-R      FORCE-S      FORCE-T     MOMENT-R     MOMENT-S     MOMENT-T
 
  3338     877    1    3.96851E+05  9.72084E+03  6.87323E+02  1.77991E+01  5.01869E+03  3.50247E+04
  3338     873    2    3.96851E+05  9.72084E+03  6.87323E+02  1.77991E+01  1.44322E+03  3.98258E+04
  3341    1035    1    3.63752E+05  1.27444E+04  6.60148E+02  9.72007E+00  8.96891E+03  4.67906E+04
  3341    1031    2    3.63752E+05  1.27444E+04  6.60148E+02  9.72007E+00  3.88577E+03  5.13410E+04
  4094     873    1    8.45085E+04  8.86303E+03  7.46211E+01  4.85437E+02  2.70274E+03  1.88133E+04
  4094    1679    2    8.45085E+04  8.86303E+03  7.46211E+01  4.85437E+02  2.92660E+03  7.77583E+03
  4095    1679    1    8.29288E+04  5.52122E+03  3.24425E+02  2.22626E+02  4.14508E+03  7.97225E+03
  4095    1910    2    8.29288E+04  5.52122E+03  3.24425E+02  2.22626E+02  5.05347E+03  2.34317E+04
  4096    1910    1    8.08800E+04  4.62441E+03  7.21912E+02  6.23923E+02  6.62658E+03  2.37102E+04
  4096     869    2    8.08800E+04  4.62441E+03  7.21912E+02  6.23923E+02  9.22547E+03  2.25785E+04
  4104    1031    1    4.16070E+04  1.00165E+04  3.62964E+02  5.19210E+02  2.49524E+03  2.70627E+04
  4104    1691    2    4.16070E+04  1.00165E+04  3.62964E+02  5.19210E+02  3.58413E+03  8.58376E+03
  4105    1691    1    4.01166E+04  6.47925E+03  3.67561E+02  1.92068E+02  2.39175E+03  8.33989E+03
  4105    1913    2    4.01166E+04  6.47925E+03  3.67561E+02  1.92068E+02  3.42092E+03  2.13344E+04
  4106    1913    1    3.81741E+04  4.32823E+03  7.12346E+02  6.04346E+02  2.36714E+03  2.16021E+04
  4106    1027    2    3.81741E+04  4.32823E+03  7.12346E+02  6.04346E+02  4.93159E+03  2.30124E+04
 
 ELEMENT RESULTS FOR ZONE = P51PLANE_C  CASE COMBINATION  NUMBER =  1
 
 ELEMENT GROUP =  51  (BEAM)  RESULTS ARE MEASURED IN ELEMENT STRESS SYSTEM
 
    EL    NGLOB NLOC       FORCE-R      FORCE-S      FORCE-T     MOMENT-R     MOMENT-S     MOMENT-T
 
  1176     865    1    1.30549E+05  3.79978E+03  1.93010E+03  6.66057E+00  1.29317E+04  2.54585E+04
  1176      18    2    1.30549E+05  3.79978E+03  1.93010E+03  6.66057E+00  0.00000E+00  0.00000E+00
  1380    1023    1    1.11315E+05  3.88625E+03  1.79108E+03  2.27141E+01  1.20003E+04  2.60379E+04
  1380      29    2    1.11315E+05  3.88625E+03  1.79108E+03  2.27141E+01  0.00000E+00  0.00000E+00
  4097     869    1    1.33944E+05  1.50077E+04  2.04673E+03  1.81206E+03  9.78455E+03  5.13633E+04
  4097    1702    2    1.33944E+05  1.50077E+04  2.04673E+03  1.81206E+03  9.77772E+03  4.08579E+04
  4098    1702    1    1.33944E+05  1.25121E+04  2.04673E+03  1.84455E+02  9.77772E+03  4.08579E+04
  4098     865    2    1.33944E+05  1.25121E+04  2.04673E+03  1.84455E+02  1.23876E+04  5.04801E+04
  4107    1027    1    1.13961E+05  1.42789E+04  6.74830E+02  2.12652E+03  4.93158E+03  5.12132E+04
  4107    1714    2    1.13961E+05  1.42789E+04  6.74830E+02  2.12652E+03  5.40396E+03  4.12180E+04
  4108    1714    1    1.13961E+05  1.25124E+04  6.74830E+02  1.72563E+02  5.40396E+03  4.12180E+04
  4108    1023    2    1.13961E+05  1.25124E+04  6.74830E+02  1.72563E+02  1.03302E+04  5.05629E+04
 
 ELEMENT RESULTS FOR ZONE = P52PLANE_C  CASE COMBINATION  NUMBER =  1
 
 ELEMENT GROUP =  52  (BEAM)  RESULTS ARE MEASURED IN ELEMENT STRESS SYSTEM
 
    EL    NGLOB NLOC       FORCE-R      FORCE-S      FORCE-T     MOMENT-R     MOMENT-S     MOMENT-T
 
  3361     977    1    2.36569E+04  1.82501E+02  5.98557E+03  8.12784E-01  1.89191E+03  3.78426E+02
  3361     955    2    2.36569E+04  1.82501E+02  5.98557E+03  8.12784E-01  2.41043E+04  3.51576E+02
 
 ELEMENT RESULTS FOR ZONE = P53PLANE_C  CASE COMBINATION  NUMBER =  1
 
 ELEMENT GROUP =  53  (TRUSS)  RESULTS ARE MEASURED IN ELEMENT STRESS SYSTEM
 
    EL  POINT                 FORCE-R    STRESS-RR
 
  1596     1              4.85833E+04  4.21401E+06
  1598     1              2.28230E+04  1.97961E+06
  1608     1              1.02742E+05  8.91164E+06
  1609     1              1.16287E+05  1.00865E+07
  1614     1              1.04660E+05  9.07797E+06
  1616     1              4.75744E+04  4.12650E+06
  1622     1              1.22741E+05  1.06463E+07
  1624     1              2.49773E+04  2.16647E+06
  2944     1              1.17235E+05  1.01687E+07
  2945     1              1.27257E+05  1.10380E+07
  3188     1              2.15388E+04  1.86822E+06
  3189     1              2.29448E+04  1.99018E+06
 
 ELEMENT RESULTS FOR ZONE = P57PLANE_C  CASE COMBINATION  NUMBER =  1
 
 ELEMENT GROUP =  57  (BEAM)  RESULTS ARE MEASURED IN ELEMENT STRESS SYSTEM
 
    EL    NGLOB NLOC       FORCE-R      FORCE-S      FORCE-T     MOMENT-R     MOMENT-S     MOMENT-T
 
  1044     826    1    3.95911E+05  3.34885E+03  6.85658E+02  9.63976E+00  3.90063E+03  1.77817E+04
  1044     822    2    3.95911E+05  3.34885E+03  6.85658E+02  9.63976E+00  2.72944E+03  1.10184E+04
  1047     830    1    3.70493E+05  3.71783E+02  3.92323E+03  1.11413E+01  2.59703E+04  8.19473E+03
  1047     826    2    3.70493E+05  3.71783E+02  3.92323E+03  1.11413E+01  5.80792E+03  6.89339E+03
  1394    1094    1    4.31109E+05  3.47194E+03  5.35127E+02  2.46092E+00  4.19080E+03  1.83583E+04
  1394    1090    2    4.31109E+05  3.47194E+03  5.35127E+02  2.46092E+00  5.60529E+03  1.15004E+04
  1397    1098    1    3.92682E+05  2.72035E+02  4.31674E+03  6.31241E+00  2.80363E+04  7.60290E+03
  1397    1094    2    3.92682E+05  2.72035E+02  4.31674E+03  6.31241E+00  6.92928E+03  7.66229E+03
 
 ELEMENT RESULTS FOR ZONE = P67PLANE_C  CASE COMBINATION  NUMBER =  1
 
 ELEMENT GROUP =  67  (BEAM)  RESULTS ARE MEASURED IN ELEMENT STRESS SYSTEM
 
    EL    NGLOB NLOC       FORCE-R      FORCE-S      FORCE-T     MOMENT-R     MOMENT-S     MOMENT-T
 
  2043     810    1    3.48367E+03  5.75691E+02  5.53432E+02  4.31486E+00  1.56056E+03  3.15337E+02
  2043    1255    2    3.48367E+03  5.75691E+02  5.53432E+02  4.31486E+00  6.53163E+02  1.98743E+03
  2044    1255    1    3.49039E+03  1.05512E+03  5.23441E+02  4.31486E+00  6.53324E+02  1.98743E+03
  2044     865    2    3.49039E+03  1.05512E+03  5.23441E+02  4.31486E+00  2.74709E+03  2.23304E+03
  2045    1023    1    3.66171E+03  4.08705E+02  5.19805E+02  3.98448E+00  2.21150E+03  9.58066E+02
  2045    1256    2    3.66171E+03  4.08705E+02  5.19805E+02  3.98448E+00  5.40872E+02  6.76754E+02
  2046    1256    1    3.65037E+03  1.71072E+02  5.19805E+02  3.98448E+00  5.40683E+02  6.76754E+02
  2046    1078    2    3.65037E+03  1.71072E+02  5.19805E+02  3.98448E+00  1.94675E+03  2.00150E+02
 
 ELEMENT RESULTS FOR ZONE = P81PLANE_C  CASE COMBINATION  NUMBER =  1
 
 ELEMENT GROUP =  81  (BEAM)  RESULTS ARE MEASURED IN ELEMENT STRESS SYSTEM
 
    EL    NGLOB NLOC       FORCE-R      FORCE-S      FORCE-T     MOMENT-R     MOMENT-S     MOMENT-T
 
  1863     834    1    8.08041E+04  1.28356E+02  5.08581E+02  9.52213E+00  3.44957E+03  3.83848E+02
  1863    1203    2    8.08041E+04  1.28356E+02  5.08581E+02  9.52213E+00  1.41525E+03  3.73471E+02
  1864    1203    1    1.19101E+04  6.56810E+02  7.88362E+02  9.52213E+00  1.41502E+03  3.73471E+02
  1864     889    2    1.19101E+04  6.56810E+02  7.88362E+02  9.52213E+00  1.73843E+03  2.25377E+03
  1869    1047    1    1.59852E+04  5.93035E+02  8.51988E+02  9.48827E+00  2.08205E+03  2.08619E+03
  1869    1206    2    1.59852E+04  5.93035E+02  8.51988E+02  9.48827E+00  1.32590E+03  2.85950E+02
  1870    1206    1    8.51429E+04  3.39102E+01  5.42862E+02  9.48827E+00  1.32613E+03  2.85950E+02
  1870    1102    2    8.51429E+04  3.39102E+01  5.42862E+02  9.48827E+00  3.49758E+03  3.92782E+02
 
 ELEMENT RESULTS FOR ZONE = P173PLANE_C  CASE COMBINATION  NUMBER =  1
 
 ELEMENT GROUP = 173  (TRUSS)  RESULTS ARE MEASURED IN ELEMENT STRESS SYSTEM
 
    EL  POINT                 FORCE-R    STRESS-RR
 
  1601     1              2.94281E+04  3.94479E+06
  1603     1              2.85180E+04  3.82279E+06
  1618     1              4.00550E+04  5.36930E+06
  1620     1              2.82883E+04  3.79200E+06
  3170     1              1.13194E+04  1.51735E+06
  3171     1              4.20327E+03  5.63442E+05
 
 ELEMENT RESULTS FOR ZONE = P174PLANE_C  CASE COMBINATION  NUMBER =  1
 
 ELEMENT GROUP = 174  (TRUSS)  RESULTS ARE MEASURED IN ELEMENT STRESS SYSTEM
 
    EL  POINT                 FORCE-R    STRESS-RR
 
  1602     1              1.34945E+04  7.86098E+05
  1604     1              5.23294E+04  3.04836E+06
  1606     1              1.54277E+04  8.98716E+05
  1613     1              1.80058E+04  1.04890E+06
  1619     1              2.04954E+04  1.19393E+06
  1621     1              4.29626E+04  2.50271E+06
  2943     1              1.89814E+05  1.10573E+07
  2946     1              2.00455E+05  1.16772E+07
  3168     1              3.12045E+04  1.81777E+06
  3169     1              2.09707E+04  1.22161E+06
 
 ELEMENT RESULTS FOR ZONE = P184PLANE_C  CASE COMBINATION  NUMBER =  1
 
 ELEMENT GROUP = 184  (BEAM)  RESULTS ARE MEASURED IN ELEMENT STRESS SYSTEM
 
    EL    NGLOB NLOC       FORCE-R      FORCE-S      FORCE-T     MOMENT-R     MOMENT-S     MOMENT-T
 
  4101    1907    1    1.31629E+05  6.65773E+03  3.71646E+02  7.45862E+00  5.55362E+02  8.74784E+03
  4101     814    2    1.31629E+05  6.65773E+03  3.71646E+02  7.45862E+00  1.89329E+03  1.52200E+04
  4102     814    1    3.54444E+04  6.71244E+03  2.52111E+02  2.01559E+02  2.75074E+03  1.26857E+04
  4102    1696    2    3.54444E+04  6.71244E+03  2.52111E+02  2.01559E+02  2.75888E+03  1.38015E+04
  4103    1696    1    3.75186E+04  4.48141E+03  3.64323E+02  2.91485E+01  1.09933E+03  1.42071E+04
  4103     810    2    3.75186E+04  4.48141E+03  3.64323E+02  2.91485E+01  1.56023E+03  1.85072E+04
  4111    1916    1    1.08921E+05  6.10477E+03  3.49379E+02  2.75849E+01  1.44300E+03  8.14368E+03
  4111    1082    2    1.08921E+05  6.10477E+03  3.49379E+02  2.75849E+01  1.16419E+03  1.38335E+04
  4112    1082    1    3.65823E+04  7.13057E+02  5.41466E+03  2.84445E+02  1.44913E+04  1.26341E+03
  4112    1708    2    3.65823E+04  7.13057E+02  5.41466E+03  2.84445E+02  1.48230E+04  9.81534E+02
  4113    1708    1    3.45089E+04  4.51511E+03  5.98716E+02  2.84184E+01  2.42342E+03  1.51342E+04
  4113    1078    2    3.45089E+04  4.51511E+03  5.98716E+02  2.84184E+01  1.94721E+03  1.78260E+04
 
 ELEMENT RESULTS FOR ZONE = P186PLANE_C  CASE COMBINATION  NUMBER =  1
 
 ELEMENT GROUP = 186  (BEAM)  RESULTS ARE MEASURED IN ELEMENT STRESS SYSTEM
 
    EL    NGLOB NLOC       FORCE-R      FORCE-S      FORCE-T     MOMENT-R     MOMENT-S     MOMENT-T
 
  1041     822    1    2.22929E+04  4.55652E+03  7.74293E+02  1.06999E+01  4.53908E+03  1.32254E+04
  1041     818    2    2.22929E+04  4.55652E+03  7.74293E+02  1.06999E+01  1.42297E+03  2.18597E+04
  1391    1090    1    3.94944E+04  4.68965E+03  7.15728E+02  8.82962E+00  2.90226E+03  1.36958E+04
  1391    1086    2    3.94944E+04  4.68965E+03  7.15728E+02  8.82962E+00  2.60884E+03  2.24144E+04
  4099     818    1    1.28004E+05  1.53175E+03  6.61945E+02  4.85744E+01  1.54280E+03  1.14941E+04
  4099    1670    2    1.28004E+05  1.53175E+03  6.61945E+02  4.85744E+01  2.24682E+03  1.17893E+04
  4100    1670    1    1.29574E+05  1.82827E+03  5.50927E+02  4.43841E+00  9.25842E+02  1.20374E+04
  4100    1907    2    1.29574E+05  1.82827E+03  5.50927E+02  4.43841E+00  2.19928E+03  8.26946E+03
  4109    1086    1    1.05375E+05  1.32804E+03  6.39259E+02  6.33471E+01  1.27206E+03  1.11024E+04
  4109    1684    2    1.05375E+05  1.32804E+03  6.39259E+02  6.33471E+01  8.44403E+02  1.12321E+04
  4110    1684    1    1.06913E+05  1.77763E+03  5.33371E+02  2.96957E+00  5.85044E+02  1.14803E+04
  4110    1916    2    1.06913E+05  1.77763E+03  5.33371E+02  2.96957E+00  9.08396E+02  7.67948E+03
 
 ELEMENT RESULTS FOR ZONE = P197PLANE_C  CASE COMBINATION  NUMBER =  1
 
 ELEMENT GROUP = 197  (BEAM)  RESULTS ARE MEASURED IN ELEMENT STRESS SYSTEM
 
    EL    NGLOB NLOC       FORCE-R      FORCE-S      FORCE-T     MOMENT-R     MOMENT-S     MOMENT-T
 
  3256     932    1    2.48458E+04  1.59062E+01  1.32394E+03  3.67232E-01  5.47075E+03  5.88815E+01
  3256     968    2    2.48458E+04  1.59062E+01  1.32394E+03  3.67232E-01  6.44468E+03  1.20494E+02
  3257     968    1    2.47960E+04  2.03964E+01  1.45814E+03  3.93198E-01  7.04076E+03  1.67036E+02
  3257    1005    2    2.47960E+04  2.03964E+01  1.45814E+03  3.93198E-01  6.08247E+03  1.65320E+01
 
 ELEMENT RESULTS FOR ZONE = P198PLANE_C  CASE COMBINATION  NUMBER =  1
 
 ELEMENT GROUP = 198  (BEAM)  RESULTS ARE MEASURED IN ELEMENT STRESS SYSTEM
 
    EL    NGLOB NLOC       FORCE-R      FORCE-S      FORCE-T     MOMENT-R     MOMENT-S     MOMENT-T
 
  3445     919    1    6.15761E+04  1.20437E+02  1.94614E+03  2.28815E+00  7.71295E+03  4.21932E+02
  3445     955    2    6.15761E+04  1.20437E+02  1.94614E+03  2.28815E+00  9.80231E+03  6.62004E+02
  3446     955    1    6.14432E+04  2.04793E+02  2.06982E+03  2.27044E+00  1.03024E+04  1.00609E+03
  3446     992    2    6.14432E+04  2.04793E+02  2.06982E+03  2.27044E+00  8.32604E+03  8.37048E+02
 
 ELEMENT RESULTS FOR ZONE = P205PLANE_C  CASE COMBINATION  NUMBER =  1
 
 ELEMENT GROUP = 205  (BEAM)  RESULTS ARE MEASURED IN ELEMENT STRESS SYSTEM
 
    EL    NGLOB NLOC       FORCE-R      FORCE-S      FORCE-T     MOMENT-R     MOMENT-S     MOMENT-T
 
  3543     917    1    1.76017E+05  4.68685E+03  1.55824E+03  3.87903E+00  7.01600E+03  2.45930E+04
  3543     953    2    1.76017E+05  4.68685E+03  1.55824E+03  3.87903E+00  1.76425E+04  1.75886E+04
  3544     953    1    1.73297E+05  4.69615E+03  1.59785E+03  3.93415E+00  1.78173E+04  1.78038E+04
  3544     990    2    1.73297E+05  4.69615E+03  1.59785E+03  3.93415E+00  7.95825E+03  2.44616E+04
 
 ELEMENT RESULTS FOR ZONE = P211PLANE_C  CASE COMBINATION  NUMBER =  1
 
 ELEMENT GROUP = 211  (BEAM)  RESULTS ARE MEASURED IN ELEMENT STRESS SYSTEM
 
    EL    NGLOB NLOC       FORCE-R      FORCE-S      FORCE-T     MOMENT-R     MOMENT-S     MOMENT-T
 
  1188     909    1    3.94789E+05  5.39549E+02  5.24977E+03  2.22758E+00  4.35032E+04  2.19661E+03
  1188     939    2    3.94789E+05  5.39549E+02  5.24977E+03  2.22758E+00  8.46951E+03  3.14492E+03
  1278     982    1    3.88798E+05  5.64691E+02  5.22460E+03  2.26726E+00  4.34200E+04  2.31486E+03
  1278    1012    2    3.88798E+05  5.64691E+02  5.22460E+03  2.26726E+00  8.30357E+03  3.27557E+03
  3348     939    1    4.68644E+05  6.63904E+02  5.87802E+03  4.49366E+00  3.37128E+04  2.65932E+03
  3348     935    2    4.68644E+05  6.63904E+02  5.87802E+03  4.49366E+00  1.91894E+04  3.31581E+03
  3349     935    1    2.12352E+04  2.02973E+03  1.10220E+03  7.13613E+00  3.45771E+03  5.16766E+03
  3349     944    2    2.12352E+04  2.02973E+03  1.10220E+03  7.13613E+00  3.67029E+03  4.98101E+03
  3350     944    1    1.92922E+04  3.58971E+03  1.42764E+03  5.17783E+00  3.67007E+03  7.27720E+03
  3350     932    2    1.92922E+04  3.58971E+03  1.42764E+03  5.17783E+00  7.76347E+03  7.08165E+03
  3351     932    1    1.73174E+05  4.41334E+03  2.04325E+03  1.40359E+01  1.08699E+04  8.77022E+03
  3351     943    2    1.73174E+05  4.41334E+03  2.04325E+03  1.40359E+01  5.25850E+03  9.32445E+03
  3362    1012    1    4.63302E+05  6.53470E+02  5.96340E+03  3.88597E+00  3.39672E+04  2.65824E+03
  3362    1008    2    4.63302E+05  6.53470E+02  5.96340E+03  3.88597E+00  1.97035E+04  3.22299E+03
  3363    1008    1    2.28231E+04  2.00141E+03  9.52819E+02  6.41510E+00  2.90395E+03  5.15813E+03
  3363    1017    2    2.28231E+04  2.00141E+03  9.52819E+02  6.41510E+00  3.66654E+03  4.84891E+03
  3364    1017    1    2.09444E+04  3.86775E+03  1.23526E+03  4.20483E+00  3.66637E+03  7.82560E+03
  3364    1005    2    2.09444E+04  3.86775E+03  1.23526E+03  4.20483E+00  6.80081E+03  7.64540E+03
  3365    1005    1    1.77367E+05  4.31344E+03  2.06603E+03  1.17006E+01  1.13402E+04  8.62612E+03
  3365    1016    2    1.77367E+05  4.31344E+03  2.06603E+03  1.17006E+01  5.68467E+03  9.05897E+03
 
 ELEMENT RESULTS FOR ZONE = P212PLANE_C  CASE COMBINATION  NUMBER =  1
 
 ELEMENT GROUP = 212  (BEAM)  RESULTS ARE MEASURED IN ELEMENT STRESS SYSTEM
 
    EL    NGLOB NLOC       FORCE-R      FORCE-S      FORCE-T     MOMENT-R     MOMENT-S     MOMENT-T
 
  3541     885    1    1.74948E+05  7.95185E+03  5.26750E+03  6.19802E+00  3.13721E+04  9.90840E+03
  3541    1614    2    1.74948E+05  7.95185E+03  5.26750E+03  6.19802E+00  7.19425E+03  2.78206E+04
  3542    1614    1    1.74804E+05  1.50236E+04  5.26750E+03  6.19802E+00  7.19628E+03  2.78206E+04
  3542     917    2    1.74804E+05  1.50236E+04  5.26750E+03  6.19802E+00  1.40525E+04  2.46398E+04
  3545     990    1    1.72002E+05  1.50767E+04  5.88416E+03  6.06672E+00  1.55008E+04  2.45079E+04
  3545    1620    2    1.72002E+05  1.50767E+04  5.88416E+03  6.06672E+00  8.16717E+03  2.69037E+04
  3546    1620    1    1.72136E+05  8.30001E+03  5.88416E+03  6.06672E+00  8.16504E+03  2.69037E+04
  3546    1043    2    1.72136E+05  8.30001E+03  5.88416E+03  6.06672E+00  3.40687E+04  1.11933E+04
 
 ELEMENT RESULTS FOR ZONE = P213PLANE_C  CASE COMBINATION  NUMBER =  1
 
 ELEMENT GROUP = 213  (BEAM)  RESULTS ARE MEASURED IN ELEMENT STRESS SYSTEM
 
    EL    NGLOB NLOC       FORCE-R      FORCE-S      FORCE-T     MOMENT-R     MOMENT-S     MOMENT-T
 
  3940     942    1    2.85250E+03  5.45052E+03  3.89384E+03  4.82683E-01  1.57611E+04  1.10884E+02
  3940    1870    2    2.85250E+03  5.45052E+03  3.89384E+03  4.82683E-01  1.18673E+04  5.33964E+03
  3941    1870    1    2.85250E+03  2.75823E+03  3.89384E+03  4.82683E-01  1.18673E+04  5.33964E+03
  3941    1871    2    2.85250E+03  2.75823E+03  3.89384E+03  4.82683E-01  3.10613E+03  8.66378E+02
  3942    1871    1    2.85250E+03  4.73155E+02  3.89384E+03  4.82683E-01  3.10613E+03  8.66378E+02
  3942    1872    2    2.85250E+03  4.73155E+02  3.89384E+03  4.82683E-01  5.65501E+03  1.98220E+02
  3943    1872    1    2.85250E+03  2.47504E+02  3.89384E+03  4.82683E-01  5.65501E+03  1.98220E+02
  3943    1873    2    2.85250E+03  2.47504E+02  3.89384E+03  4.82683E-01  1.44161E+04  7.17503E+02
  3944    1873    1    2.85250E+03  1.51257E+03  3.89384E+03  4.82683E-01  1.44161E+04  7.17503E+02
  3944     977    2    2.85250E+03  1.51257E+03  3.89384E+03  4.82683E-01  1.92834E+04  1.38924E+03
  3945     977    1    2.80679E+03  1.51371E+03  4.09917E+03  6.13938E-01  2.00489E+04  1.38901E+03
  3945    1874    2    2.80679E+03  1.51371E+03  4.09917E+03  6.13938E-01  1.49250E+04  7.18378E+02
  3946    1874    1    2.80679E+03  2.48294E+02  4.09917E+03  6.13938E-01  1.49250E+04  7.18378E+02
  3946    1875    2    2.80679E+03  2.48294E+02  4.09917E+03  6.13938E-01  5.70184E+03  1.85389E+02
  3947    1875    1    2.80679E+03  4.40236E+02  4.09917E+03  6.13938E-01  5.70184E+03  1.85389E+02
  3947    1876    2    2.80679E+03  4.40236E+02  4.09917E+03  6.13938E-01  3.52129E+03  8.05141E+02
  3948    1876    1    2.80679E+03  2.56180E+03  4.09917E+03  6.13938E-01  3.52129E+03  8.05141E+02
  3948    1877    2    2.80679E+03  2.56180E+03  4.09917E+03  6.13938E-01  1.27444E+04  4.95892E+03
  3949    1877    1    2.80679E+03  5.07052E+03  4.09917E+03  6.13938E-01  1.27444E+04  4.95892E+03
  3949    1015    2    2.80679E+03  5.07052E+03  4.09917E+03  6.13938E-01  1.68436E+04  1.11607E+02
  3980     944    1    2.29482E+03  3.25436E+02  2.53604E+03  3.59710E-01  1.00138E+04  4.99959E+00
  3980    1806    2    2.29482E+03  3.25436E+02  2.53604E+03  3.59710E-01  7.47776E+03  3.20437E+02
  3981    1806    1    2.29482E+03  1.56809E+02  2.53604E+03  3.59710E-01  7.47776E+03  3.20437E+02
  3981    1807    2    2.29482E+03  1.56809E+02  2.53604E+03  3.59710E-01  1.77169E+03  5.43838E+01
  3982    1807    1    2.29482E+03  3.10703E+01  2.53604E+03  3.59710E-01  1.77169E+03  5.43838E+01
  3982    1808    2    2.29482E+03  3.10703E+01  2.53604E+03  3.59710E-01  3.93439E+03  1.02310E+02
  3983    1808    1    2.29482E+03  3.62890E+01  2.53604E+03  3.59710E-01  3.93439E+03  1.02310E+02
  3983    1809    2    2.29482E+03  3.62890E+01  2.53604E+03  3.59710E-01  9.64047E+03  1.29086E+02
  3984    1809    1    2.29482E+03  1.67714E+02  2.53604E+03  3.59710E-01  9.64047E+03  1.29086E+02
  3984     979    2    2.29482E+03  1.67714E+02  2.53604E+03  3.59710E-01  1.28105E+04  1.95412E+02
  3985     979    1    2.28214E+03  1.66805E+02  2.77380E+03  3.68354E-01  1.37200E+04  1.95172E+02
  3985    1810    2    2.28214E+03  1.66805E+02  2.77380E+03  3.68354E-01  1.02528E+04  1.29570E+02
  3986    1810    1    2.28214E+03  3.66604E+01  2.77380E+03  3.68354E-01  1.02528E+04  1.29570E+02
  3986    1811    2    2.28214E+03  3.66604E+01  2.77380E+03  3.68354E-01  4.01171E+03  1.02912E+02
  3987    1811    1    2.28214E+03  2.68393E+01  2.77380E+03  3.68354E-01  4.01171E+03  1.02912E+02
  3987    1812    2    2.28214E+03  2.68393E+01  2.77380E+03  3.68354E-01  2.22933E+03  4.87021E+01
  3988    1812    1    2.28214E+03  1.33832E+02  2.77380E+03  3.68354E-01  2.22933E+03  4.87021E+01
  3988    1813    2    2.28214E+03  1.33832E+02  2.77380E+03  3.68354E-01  8.47037E+03  2.76721E+02
  3989    1813    1    2.28214E+03  2.82439E+02  2.77380E+03  3.68354E-01  8.47037E+03  2.76721E+02
  3989    1017    2    2.28214E+03  2.82439E+02  2.77380E+03  3.68354E-01  1.12442E+04  5.71753E+00
  4024     943    1    3.72061E+03  7.90022E+02  3.20340E+03  1.80607E-01  1.26207E+04  2.91612E+01
  4024    1838    2    3.72061E+03  7.90022E+02  3.20340E+03  1.80607E-01  9.41727E+03  7.63361E+02
  4025    1838    1    3.72061E+03  3.88367E+02  3.20340E+03  1.80607E-01  9.41727E+03  7.63361E+02
  4025    1839    2    3.72061E+03  3.88367E+02  3.20340E+03  1.80607E-01  2.20963E+03  1.84532E+02
  4026    1839    1    3.72061E+03  6.56054E+01  3.20340E+03  1.80607E-01  2.20963E+03  1.84532E+02
  4026    1840    2    3.72061E+03  6.56054E+01  3.20340E+03  1.80607E-01  4.99801E+03  1.08663E+02
  4027    1840    1    3.72061E+03  8.34483E+01  3.20340E+03  1.80607E-01  4.99801E+03  1.08663E+02
  4027    1841    2    3.72061E+03  8.34483E+01  3.20340E+03  1.80607E-01  1.22056E+04  2.24907E+02
  4028    1841    1    3.72061E+03  4.37061E+02  3.20340E+03  1.80607E-01  1.22056E+04  2.24907E+02
  4028     978    2    3.72061E+03  4.37061E+02  3.20340E+03  1.80607E-01  1.62099E+04  4.69731E+02
  4029     978    1    3.71857E+03  4.37152E+02  3.39361E+03  4.15875E-02  1.69495E+04  4.70265E+02
  4029    1842    2    3.71857E+03  4.37152E+02  3.39361E+03  4.15875E-02  1.27074E+04  2.25102E+02
  4030    1842    1    3.71857E+03  8.32301E+01  3.39361E+03  4.15875E-02  1.27074E+04  2.25102E+02
  4030    1843    2    3.71857E+03  8.32301E+01  3.39361E+03  4.15875E-02  5.07182E+03  1.06439E+02
  4031    1843    1    3.71857E+03  6.56277E+01  3.39361E+03  4.15875E-02  5.07182E+03  1.06439E+02
  4031    1844    2    3.71857E+03  6.56277E+01  3.39361E+03  4.15875E-02  2.56380E+03  1.86570E+02
  4032    1844    1    3.71857E+03  3.89727E+02  3.39361E+03  4.15875E-02  2.56380E+03  1.86570E+02
  4032    1845    2    3.71857E+03  3.89727E+02  3.39361E+03  4.15875E-02  1.01994E+04  7.67058E+02
  4033    1845    1    3.71857E+03  7.91984E+02  3.39361E+03  4.15875E-02  1.01994E+04  7.67058E+02
  4033    1016    2    3.71857E+03  7.91984E+02  3.39361E+03  4.15875E-02  1.35930E+04  2.49262E+01
 
 Barh wind load
 
 ELEMENT RESULTS FOR ZONE = P7PLANE_F  CASE COMBINATION  NUMBER =  1
 
 ELEMENT GROUP =  7  (BEAM)  RESULTS ARE MEASURED IN ELEMENT STRESS SYSTEM
 
    EL    NGLOB NLOC       FORCE-R      FORCE-S      FORCE-T     MOMENT-R     MOMENT-S     MOMENT-T
 
   637     400    1    9.75123E+03  3.61241E+02  6.56870E+02  3.72997E-01  2.73226E+03  7.24686E+02
   637     677    2    9.75123E+03  3.61241E+02  6.56870E+02  3.72997E-01  1.04779E+02  7.20278E+02
   638     677    1    9.77639E+03  2.78035E+02  6.56870E+02  3.72997E-01  1.04898E+02  7.20278E+02
   638     448    2    9.77639E+03  2.78035E+02  6.56870E+02  3.72997E-01  2.52258E+03  3.91861E+02
   639     448    1    1.06871E+04  2.19076E+02  1.09441E+03  2.79281E-01  4.80083E+03  8.48371E+02
   639     678    2    1.06871E+04  2.19076E+02  1.09441E+03  2.79281E-01  4.23198E+02  1.40186E+02
   640     678    1    1.07008E+04  2.25858E+02  1.09441E+03  2.79281E-01  4.23148E+02  1.40186E+02
   640     482    2    1.07008E+04  2.25858E+02  1.09441E+03  2.79281E-01  3.95448E+03  8.91528E+02
   641     554    1    1.03203E+04  2.25640E+02  1.11406E+03  2.76835E-01  4.01541E+03  8.95997E+02
   641     679    2    1.03203E+04  2.25640E+02  1.11406E+03  2.76835E-01  4.40811E+02  1.35599E+02
   642     679    1    1.03061E+04  2.21807E+02  1.11406E+03  2.76835E-01  4.40864E+02  1.35599E+02
   642     612    2    1.03061E+04  2.21807E+02  1.11406E+03  2.76835E-01  4.89709E+03  8.76135E+02
   643     612    1    1.03951E+04  1.60131E+02  6.50342E+02  3.81235E-01  2.50320E+03  5.07408E+02
   643     680    2    1.03951E+04  1.60131E+02  6.50342E+02  3.81235E-01  9.81686E+01  1.33116E+02
   644     680    1    1.03772E+04  7.44850E+01  6.50342E+02  3.81235E-01  9.80510E+01  1.33116E+02
   644     660    2    1.03772E+04  7.44850E+01  6.50342E+02  3.81235E-01  2.69942E+03  2.67282E+02
   783     444    1    6.75403E+03  4.54375E+02  1.63278E+03  5.10316E-01  7.02273E+03  1.29302E+03
   783     712    2    6.75403E+03  4.54375E+02  1.63278E+03  5.10316E-01  4.91598E+02  5.24476E+02
   784     712    1    6.74411E+03  1.19487E+02  1.63278E+03  5.10316E-01  4.91770E+02  5.24476E+02
   784     478    2    6.74411E+03  1.19487E+02  1.63278E+03  5.10316E-01  6.03936E+03  2.29245E+02
   785     550    1    8.56093E+03  1.15425E+02  1.67902E+03  5.18054E-01  6.21212E+03  2.07516E+02
   785     713    2    8.56093E+03  1.15425E+02  1.67902E+03  5.18054E-01  5.03962E+02  5.14279E+02
   786     713    1    8.57084E+03  4.59353E+02  1.67902E+03  5.18054E-01  5.03787E+02  5.14279E+02
   786     608    2    8.57084E+03  4.59353E+02  1.67902E+03  5.18054E-01  7.21987E+03  1.32313E+03
   876     373    1    1.06124E+05  1.03794E+03  8.53055E+02  3.61455E-01  3.15538E+03  1.29633E+03
   876     756    2    1.06124E+05  1.03794E+03  8.53055E+02  3.61455E-01  2.57412E+02  2.85544E+03
   877     756    1    1.06157E+05  1.63408E+03  8.53055E+02  3.61455E-01  2.57207E+02  2.85544E+03
   877     428    2    1.06157E+05  1.63408E+03  8.53055E+02  3.61455E-01  3.66883E+03  3.68089E+03
   878     585    1    1.01325E+05  6.58462E+02  7.56147E+02  2.85087E-01  3.31928E+03  1.64999E+03
   878     757    2    1.01325E+05  6.58462E+02  7.56147E+02  2.85087E-01  2.94693E+02  9.83857E+02
   879     757    1    1.01294E+05  2.34885E+02  7.56147E+02  2.85087E-01  2.94954E+02  9.83857E+02
   879     640    2    1.01294E+05  2.34885E+02  7.56147E+02  2.85087E-01  2.72963E+03  4.43161E+01
   910     369    1    4.36276E+03  4.45886E+02  6.42244E+02  1.24450E-01  2.78625E+03  5.22039E+02
   910     766    2    4.36276E+03  4.45886E+02  6.42244E+02  1.24450E-01  3.49101E+02  1.65852E+03
   935     766    1    4.37647E+03  1.09311E+03  6.42221E+02  1.24450E-01  3.49065E+02  1.65852E+03
   935     424    2    4.37647E+03  1.09311E+03  6.42221E+02  1.24450E-01  2.35164E+03  2.71394E+03
   954     361    1    3.61426E+02  3.10998E+02  3.94415E+02  7.99042E-01  1.62821E+03  2.24198E+02
   954     777    2    3.61426E+02  3.10998E+02  3.94415E+02  7.99042E-01  8.69182E+01  1.36698E+03
   955     777    1    3.72708E+02  9.49634E+02  3.94414E+02  7.99042E-01  8.69349E+01  1.36698E+03
   955     416    2    3.72708E+02  9.49634E+02  3.94414E+02  7.99042E-01  1.52710E+03  2.43156E+03
   956     573    1    5.59607E+02  4.86453E+02  3.19666E+02  8.81415E-01  1.25220E+03  1.52425E+03
   956     778    2    5.59607E+02  4.86453E+02  3.19666E+02  8.81415E-01  7.31770E+01  4.35324E+02
   957     778    1    5.60198E+02  7.03466E+01  3.19666E+02  8.81415E-01  7.31913E+01  4.35324E+02
   957     628    2    5.60198E+02  7.03466E+01  3.19666E+02  8.81415E-01  1.30514E+03  7.02949E+02
   980     357    1    9.82988E+03  2.42629E+02  1.87253E+02  6.25672E-01  7.20512E+02  3.43545E+02
   980     787    2    9.82988E+03  2.42629E+02  1.87253E+02  6.25672E-01  2.84992E+01  1.31406E+03
   981     787    1    1.00651E+04  1.20030E+03  1.87068E+02  1.06273E+00  2.85615E+01  2.01979E+03
   981     412    2    1.00651E+04  1.20030E+03  1.87068E+02  1.06273E+00  7.76835E+02  2.78141E+03
   982     569    1    1.19011E+04  3.17795E+02  4.84889E+01  2.10159E-01  2.30409E+02  1.01945E+03
   982     788    2    1.19011E+04  3.17795E+02  4.84889E+01  2.10159E-01  3.64533E+01  2.51730E+02
   983     788    1    1.18819E+04  1.00553E+02  4.84889E+01  2.10159E-01  3.65228E+01  2.51730E+02
   983     624    2    1.18819E+04  1.00553E+02  4.84889E+01  2.10159E-01  1.57433E+02  5.31903E+02
  2248     365    1    1.16349E+04  5.80126E+02  7.87855E+02  1.67949E-01  3.09552E+03  1.08331E+03
  2248    1311    2    1.16349E+04  5.80126E+02  7.87855E+02  1.67949E-01  8.07759E+01  1.23719E+03
  2249    1311    1    1.16652E+04  5.26777E+02  7.87855E+02  1.67949E-01  8.07387E+01  1.23719E+03
  2249     420    2    1.16652E+04  5.26777E+02  7.87855E+02  1.67949E-01  3.20729E+03  1.05076E+03
  2250     577    1    9.96069E+03  4.91924E+02  8.44671E+02  2.12059E-01  3.41167E+03  8.34217E+02
  2250    1312    2    9.96069E+03  4.91924E+02  8.44671E+02  2.12059E-01  7.13605E+01  1.13348E+03
  2251    1312    1    9.93741E+03  5.32662E+02  8.44671E+02  2.12059E-01  7.13649E+01  1.13348E+03
  2251     632    2    9.93741E+03  5.32662E+02  8.44671E+02  2.12059E-01  3.34571E+03  1.05275E+03
  2372     392    1    2.41069E+04  5.94251E+01  8.73371E+01  2.08909E-01  3.60167E+02  1.47245E+02
  2372    1341    2    2.41069E+04  5.94251E+01  8.73371E+01  2.08909E-01  1.08190E+01  9.04560E+01
  2373    1341    1    1.13706E+04  5.86838E+01  8.73371E+01  2.08909E-01  1.07360E+01  9.04560E+01
  2373     440    2    1.13706E+04  5.86838E+01  8.73371E+01  2.08909E-01  3.38612E+02  1.96996E+02
  2374     440    1    1.26819E+04  3.07429E+02  1.72865E+03  3.57075E-01  7.11768E+03  1.01608E+03
  2374    1342    2    1.26819E+04  3.07429E+02  1.72865E+03  3.57075E-01  2.03078E+02  2.13640E+02
  2375    1342    1    1.26762E+04  2.54744E+01  1.72865E+03  3.57075E-01  2.03210E+02  2.13640E+02
  2375     475    2    1.26762E+04  2.54744E+01  1.72865E+03  3.57075E-01  6.71139E+03  3.15537E+02
  2376     547    1    1.38833E+04  2.26538E+01  1.78040E+03  3.00744E-01  6.89862E+03  2.69258E+02
  2376    1343    2    1.38833E+04  2.26538E+01  1.78040E+03  3.00744E-01  2.23001E+02  1.78643E+02
  2377    1343    1    1.38894E+04  2.75296E+02  1.78040E+03  3.00744E-01  2.22864E+02  1.78643E+02
  2377     604    2    1.38894E+04  2.75296E+02  1.78040E+03  3.00744E-01  7.34448E+03  9.22541E+02
  2378     604    1    1.30141E+04  2.75070E+01  9.99950E+01  2.08603E-01  3.93204E+02  1.28563E+02
  2378    1344    2    1.30141E+04  2.75070E+01  9.99950E+01  2.08603E-01  6.77541E+00  5.67488E+01
  2379    1344    1    1.95956E+04  3.68322E+01  9.99950E+01  2.08603E-01  6.86434E+00  5.67488E+01
  2379     652    2    1.95956E+04  3.68322E+01  9.99950E+01  2.08603E-01  4.06844E+02  9.05802E+01
  2570     388    1    4.54209E+04  1.08358E+02  4.11698E+02  6.02706E-01  1.62412E+03  2.20998E+02
  2570    1403    2    4.54209E+04  1.08358E+02  4.11698E+02  6.02706E-01  2.26732E+01  2.12434E+02
  2571    1403    1    2.09978E+04  7.40186E+01  4.11698E+02  6.02706E-01  2.28558E+01  2.12434E+02
  2571     436    2    2.09978E+04  7.40186E+01  4.11698E+02  6.02706E-01  1.66965E+03  2.15941E+02
  2572     436    1    1.94836E+04  3.37099E+02  2.08938E+03  7.97192E-02  8.99719E+03  1.15423E+03
  2572    1404    2    1.94836E+04  3.37099E+02  2.08938E+03  7.97192E-02  6.39651E+02  2.15098E+02
  2573    1404    1    1.94687E+04  6.30889E+01  2.08938E+03  7.97192E-02  6.39947E+02  2.15098E+02
  2573     472    2    1.94687E+04  6.30889E+01  2.08938E+03  7.97192E-02  7.71759E+03  4.02341E+02
  2574     544    1    1.83229E+04  4.38661E+01  2.17844E+03  8.23156E-02  8.06708E+03  2.89270E+02
  2574    1405    2    1.83229E+04  4.38661E+01  2.17844E+03  8.23156E-02  6.46690E+02  1.93860E+02
  2575    1405    1    1.83379E+04  2.77861E+02  2.17844E+03  8.23156E-02  6.46378E+02  1.93860E+02
  2575     600    2    1.83379E+04  2.77861E+02  2.17844E+03  8.23156E-02  9.36015E+03  9.62841E+02
  2576     600    1    2.11814E+04  5.11617E+01  4.32695E+02  5.89633E-01  1.75414E+03  9.73876E+01
  2576    1406    2    2.11814E+04  5.11617E+01  4.32695E+02  5.89633E-01  2.33648E+01  1.84437E+02
  2577    1406    1    4.49266E+04  1.08069E+02  4.32695E+02  5.89633E-01  2.31697E+01  1.84437E+02
  2577     648    2    4.49266E+04  1.08069E+02  4.32695E+02  5.89633E-01  1.70761E+03  2.47837E+02
  3236     478    1    2.67432E+04  3.29603E+01  4.15755E+02  1.70229E-01  1.23232E+03  1.05136E+02
  3236     514    2    2.67432E+04  3.29603E+01  4.15755E+02  1.70229E-01  2.53324E+03  2.11037E+02
  3237     514    1    2.79133E+04  3.09479E+01  4.67189E+02  1.78221E-01  2.76678E+03  2.04125E+02
  3237     550    2    2.79133E+04  3.09479E+01  4.67189E+02  1.78221E-01  1.43792E+03  7.75052E+01
  3280     472    1    3.67286E+04  1.92627E+01  1.11890E+03  4.22077E-01  4.52093E+03  1.41607E+02
  3280     508    2    3.67286E+04  1.92627E+01  1.11890E+03  4.22077E-01  5.54917E+03  8.78143E+01
  3281     508    1    3.68207E+04  1.66146E+01  1.20995E+03  4.64019E-01  5.95694E+03  1.61840E+02
  3281     544    2    3.68207E+04  1.66146E+01  1.20995E+03  4.64019E-01  4.93262E+03  4.05162E+01
  3418     482    1    5.13704E+04  7.37516E+01  4.96777E+02  3.92562E-01  1.81769E+03  3.10148E+02
  3418     517    2    5.13704E+04  7.37516E+01  4.96777E+02  3.92562E-01  2.65331E+03  3.53616E+02
  3419     517    1    5.13756E+04  7.28359E+01  5.07253E+02  3.90983E-01  2.69227E+03  3.48322E+02
  3419     554    2    5.13756E+04  7.28359E+01  5.07253E+02  3.90983E-01  1.87301E+03  3.07201E+02
 35749     432    1    1.52803E+04  8.32606E+02  2.00321E+03  1.20792E+00  8.43849E+03  2.16617E+03
 35749     738    2    1.52803E+04  8.32606E+02  2.00321E+03  1.20792E+00  6.21280E+02  1.16425E+03
 35750     738    1    1.52582E+04  3.97948E+02  1.87828E+03  1.20792E+00  6.21285E+02  1.16425E+03
 35750     462    2    1.52582E+04  3.97948E+02  1.87828E+03  1.20792E+00  7.08736E+03  4.27540E+02
 35753     534    1    1.58375E+04  4.09337E+02  1.96843E+03  1.20112E+00  7.40542E+03  5.23908E+02
 35753     739    2    1.58375E+04  4.09337E+02  1.96843E+03  1.20112E+00  6.58823E+02  1.11344E+03
 35754     739    1    1.58272E+04  7.53496E+02  2.09457E+03  1.20112E+00  6.58789E+02  1.11344E+03
 35754     589    2    1.58272E+04  7.53496E+02  2.09457E+03  1.20112E+00  8.84643E+03  1.90055E+03
 
 ELEMENT RESULTS FOR ZONE = P9PLANE_F  CASE COMBINATION  NUMBER =  1
 
 ELEMENT GROUP =  9  (BEAM)  RESULTS ARE MEASURED IN ELEMENT STRESS SYSTEM
 
    EL    NGLOB NLOC       FORCE-R      FORCE-S      FORCE-T     MOMENT-R     MOMENT-S     MOMENT-T
 
   781     396    1    1.45081E+04  4.94998E+01  9.46079E+00  5.71200E-02  4.03852E+01  1.08928E+02
   781     711    2    1.45081E+04  4.94998E+01  9.46079E+00  5.71200E-02  2.54201E+00  8.90711E+01
   782     711    1    2.91795E+03  3.67791E+01  9.68639E+00  5.71200E-02  3.67899E+00  8.90711E+01
   782     444    2    2.91795E+03  3.67791E+01  9.68639E+00  5.71200E-02  3.50666E+01  5.80452E+01
   787     608    1    2.23238E+03  4.37923E+01  1.02290E+01  5.47109E-02  3.76766E+01  6.93743E+01
   787     714    2    2.23238E+03  4.37923E+01  1.02290E+01  5.47109E-02  3.23939E+00  1.05795E+02
   788     714    1    1.59543E+04  5.92618E+01  1.00909E+01  5.47109E-02  2.54942E+00  1.05795E+02
   788     656    2    1.59543E+04  5.92618E+01  1.00909E+01  5.47109E-02  4.29131E+01  1.31252E+02
 
 ELEMENT RESULTS FOR ZONE = P13PLANE_F  CASE COMBINATION  NUMBER =  1
 
 ELEMENT GROUP =  13  (TRUSS)  RESULTS ARE MEASURED IN ELEMENT STRESS SYSTEM
 
    EL  POINT                 FORCE-R    STRESS-RR
 
   568     1              1.31154E+04  1.00355E+06
   571     1              6.55845E+04  5.01833E+06
   576     1              1.27361E+05  9.74526E+06
   578     1              5.79114E+04  4.43120E+06
   581     1              1.18507E+05  9.06780E+06
   583     1              1.28359E+05  9.82167E+06
   586     1              6.11144E+04  4.67629E+06
   588     1              6.44912E+04  4.93467E+06
   594     1              1.49582E+04  1.14455E+06
   596     1              1.23412E+05  9.44313E+06
 
 ELEMENT RESULTS FOR ZONE = P17PLANE_F  CASE COMBINATION  NUMBER =  1
 
 ELEMENT GROUP =  17  (BEAM)  RESULTS ARE MEASURED IN ELEMENT STRESS SYSTEM
 
    EL    NGLOB NLOC       FORCE-R      FORCE-S      FORCE-T     MOMENT-R     MOMENT-S     MOMENT-T
 
  3387     508    1    2.03214E+04  1.30860E+02  3.18974E+03  5.30634E-01  1.57692E+04  2.91878E+02
  3387     520    2    2.03214E+04  1.30860E+02  3.18974E+03  5.30634E-01  1.83992E+03  3.62422E+02
  3547     498    1    2.21630E+04  3.03503E+01  4.55728E+03  2.85851E-01  2.32816E+04  1.46473E+02
  3547     496    2    2.21630E+04  3.03503E+01  4.55728E+03  2.85851E-01  2.36583E+04  1.66135E+02
 
 ELEMENT RESULTS FOR ZONE = P18PLANE_F  CASE COMBINATION  NUMBER =  1
 
 ELEMENT GROUP =  18  (BEAM)  RESULTS ARE MEASURED IN ELEMENT STRESS SYSTEM
 
    EL    NGLOB NLOC       FORCE-R      FORCE-S      FORCE-T     MOMENT-R     MOMENT-S     MOMENT-T
 
   200     488    1    4.34430E+05  3.89056E+00  5.26618E+03  2.25985E-02  4.33761E+04  1.65218E+01
   200     517    2    4.34430E+05  3.89056E+00  5.26618E+03  2.25985E-02  8.75907E+03  2.45073E+01
  3381     485    1    1.07546E+05  5.07099E+03  1.15041E+04  5.68008E+01  8.44593E+03  9.80045E+03
  3381     462    2    1.07546E+05  5.07099E+03  1.15041E+04  5.68008E+01  5.37583E+04  1.04835E+04
  3382     517    1    4.30599E+05  4.73910E+00  2.89465E+03  4.75349E-02  1.36567E+04  2.19567E+01
  3382     514    2    4.30599E+05  4.73910E+00  2.89465E+03  4.75349E-02  1.28017E+04  2.06952E+01
  3383     514    1    2.01823E+05  1.07277E+02  1.42329E+03  1.62818E-01  3.75035E+03  2.47791E+02
  3383     522    2    2.01823E+05  1.07277E+02  1.42329E+03  1.62818E-01  3.36612E+03  2.88596E+02
  3384     522    1    2.07052E+05  1.07646E+02  1.53377E+03  8.88752E-02  3.36648E+03  2.36567E+02
  3384     511    2    2.07052E+05  1.07646E+02  1.53377E+03  8.88752E-02  9.50156E+03  1.94017E+02
  3385     511    1    2.03608E+05  8.31416E+01  4.69423E+03  4.25191E-01  2.06067E+04  1.41842E+02
  3385     521    2    2.03608E+05  8.31416E+01  4.69423E+03  4.25191E-01  1.36031E+03  1.99039E+02
  3386     521    1    2.10125E+05  8.80905E+01  3.98759E+03  2.08220E-01  1.36054E+03  2.27649E+02
  3386     508    2    2.10125E+05  8.80905E+01  3.98759E+03  2.08220E-01  1.41911E+04  1.28966E+02
  3395     557    1    1.16465E+05  5.27957E+03  1.12222E+04  5.58908E+01  8.79517E+03  1.02040E+04
  3395     534    2    1.16465E+05  5.27957E+03  1.12222E+04  5.58908E+01  5.34066E+04  1.09143E+04
 
 ELEMENT RESULTS FOR ZONE = P19PLANE_F  CASE COMBINATION  NUMBER =  1
 
 ELEMENT GROUP =  19  (BEAM)  RESULTS ARE MEASURED IN ELEMENT STRESS SYSTEM
 
    EL    NGLOB NLOC       FORCE-R      FORCE-S      FORCE-T     MOMENT-R     MOMENT-S     MOMENT-T
 
  2963     462    1    1.94502E+04  1.19090E+03  4.64194E+02  5.53147E+01  4.77239E+03  5.35853E+03
  2963     460    2    1.94502E+04  1.19090E+03  4.64194E+02  5.53147E+01  8.80096E+00  6.91846E+03
  3347     534    1    1.86835E+04  1.25414E+03  5.36400E+02  5.27758E+01  5.51609E+03  5.60884E+03
  3347     532    2    1.86835E+04  1.25414E+03  5.36400E+02  5.27758E+01  8.83284E+00  7.55137E+03
  3379     486    1    1.73581E+05  3.25255E+03  1.27325E+03  1.57735E+01  5.49488E+03  6.39841E+03
  3379     472    2    1.73581E+05  3.25255E+03  1.27325E+03  1.57735E+01  4.89444E+03  6.28652E+03
  3380     472    1    1.03664E+05  3.60441E+03  5.87669E+03  5.78938E+01  2.16411E+04  9.00875E+03
  3380     485    2    1.03664E+05  3.60441E+03  5.87669E+03  5.78938E+01  8.44567E+03  9.01327E+03
  3393     558    1    1.77022E+05  3.36405E+03  1.26709E+03  1.33856E+01  5.72561E+03  6.69403E+03
  3393     544    2    1.77022E+05  3.36405E+03  1.26709E+03  1.33856E+01  4.27288E+03  6.42577E+03
  3394     544    1    1.12386E+05  3.76114E+03  6.09418E+03  5.64169E+01  2.19524E+04  9.47227E+03
  3394     557    2    1.12386E+05  3.76114E+03  6.09418E+03  5.64169E+01  8.79501E+03  9.33343E+03
 
 ELEMENT RESULTS FOR ZONE = P20PLANE_F  CASE COMBINATION  NUMBER =  1
 
 ELEMENT GROUP =  20  (BEAM)  RESULTS ARE MEASURED IN ELEMENT STRESS SYSTEM
 
    EL    NGLOB NLOC       FORCE-R      FORCE-S      FORCE-T     MOMENT-R     MOMENT-S     MOMENT-T
 
    18     388    1    3.02573E+05  1.88882E+04  6.35924E+03  1.40365E+01  2.14337E+04  7.66868E+04
    18     377    2    3.02573E+05  1.88882E+04  6.35924E+03  1.40365E+01  3.57995E+04  9.33071E+04
   375     648    1    2.98644E+05  1.96750E+04  6.23099E+03  1.28837E+01  2.14989E+04  7.91850E+04
   375     644    2    2.98644E+05  1.96750E+04  6.23099E+03  1.28837E+01  3.45799E+04  9.78901E+04
 
 ELEMENT RESULTS FOR ZONE = P39PLANE_F  CASE COMBINATION  NUMBER =  1
 
 ELEMENT GROUP =  39  (TRUSS)  RESULTS ARE MEASURED IN ELEMENT STRESS SYSTEM
 
    EL  POINT                 FORCE-R    STRESS-RR
 
   570     1              4.22045E+04  4.72366E+06
   582     1              1.06419E+05  1.19108E+07
   597     1              4.34114E+04  4.85874E+06
   598     1              1.11888E+05  1.25229E+07
 
 ELEMENT RESULTS FOR ZONE = P44PLANE_F  CASE COMBINATION  NUMBER =  1
 
 ELEMENT GROUP =  44  (BEAM)  RESULTS ARE MEASURED IN ELEMENT STRESS SYSTEM
 
    EL    NGLOB NLOC       FORCE-R      FORCE-S      FORCE-T     MOMENT-R     MOMENT-S     MOMENT-T
 
    14     377    1    3.08174E+05  1.10453E+04  7.00529E+03  1.85230E+01  4.00008E+04  5.95004E+04
    14     373    2    3.08174E+05  1.10453E+04  7.00529E+03  1.85230E+01  3.21537E+04  5.42657E+04
    22     392    1    1.63210E+05  8.64707E+03  3.71190E+03  2.37980E+00  9.44375E+03  3.15669E+04
    22     388    2    1.63210E+05  8.64707E+03  3.71190E+03  2.37980E+00  2.02514E+04  3.76096E+04
    26     396    1    1.61681E+05  1.04934E+04  2.12827E+03  4.01088E+00  9.77602E+03  5.23000E+04
    26     392    2    1.61681E+05  1.04934E+04  2.12827E+03  4.01088E+00  9.37843E+03  4.21406E+04
    31     349    1    3.81662E+05  7.33663E+03  3.15574E+03  8.08275E+00  1.48230E+04  4.51761E+04
    31     400    2    3.81662E+05  7.33663E+03  3.15574E+03  8.08275E+00  1.77189E+04  2.74566E+04
    32     400    1    3.41898E+05  2.28803E+03  2.84091E+03  1.00466E+01  1.58065E+04  1.59383E+04
    32     396    2    3.41898E+05  2.28803E+03  2.84091E+03  1.00466E+01  9.76169E+03  4.76718E+03
   371     644    1    3.14160E+05  1.14858E+04  7.16506E+03  5.92043E+00  3.91177E+04  6.29371E+04
   371     640    2    3.14160E+05  1.14858E+04  7.16506E+03  5.92043E+00  3.46825E+04  5.55393E+04
   379     652    1    1.65480E+05  8.34425E+03  3.75150E+03  1.83120E+00  9.52540E+03  3.09261E+04
   379     648    2    1.65480E+05  8.34425E+03  3.75150E+03  1.83120E+00  2.04866E+04  3.58279E+04
   383     656    1    1.60539E+05  1.04690E+04  2.14136E+03  1.09461E+00  9.95617E+03  5.20355E+04
   383     652    2    1.60539E+05  1.04690E+04  2.14136E+03  1.09461E+00  9.31606E+03  4.21856E+04
   388     616    1    3.75517E+05  7.29290E+03  3.18997E+03  1.32832E+00  1.51275E+04  4.49390E+04
   388     660    2    3.75517E+05  7.29290E+03  3.18997E+03  1.32832E+00  1.74909E+04  2.72607E+04
   389     660    1    3.38031E+05  2.29659E+03  2.85087E+03  9.51901E+00  1.57103E+04  1.59307E+04
   389     656    2    3.38031E+05  2.29659E+03  2.85087E+03  9.51901E+00  9.94755E+03  4.74824E+03
 
 ELEMENT RESULTS FOR ZONE = P49PLANE_F  CASE COMBINATION  NUMBER =  1
 
 ELEMENT GROUP =  49  (BEAM)  RESULTS ARE MEASURED IN ELEMENT STRESS SYSTEM
 
    EL    NGLOB NLOC       FORCE-R      FORCE-S      FORCE-T     MOMENT-R     MOMENT-S     MOMENT-T
 
    93     404    1    3.31066E+05  1.36223E+04  2.05844E+03  1.16375E+01  6.91716E+03  8.77686E+04
    93     448    2    3.31066E+05  1.36223E+04  2.05844E+03  1.16375E+01  1.39038E+04  4.70920E+04
    94     448    1    3.34980E+05  1.97190E+03  8.29033E+02  1.59450E+01  8.35379E+03  2.32311E+03
    94     444    2    3.34980E+05  1.97190E+03  8.29033E+02  1.59450E+01  3.46710E+03  1.95246E+04
   287    4450    1    4.50348E+05  1.08538E+04  5.84715E+03  9.66909E+00  2.66118E+04  1.36025E+04
   287     589    2    4.50348E+05  1.08538E+04  5.84715E+03  9.66909E+00  3.16403E+04  2.29368E+04
   297     561    1    3.24552E+05  1.37366E+04  2.06225E+03  1.09794E+01  7.24249E+03  8.83518E+04
   297     612    2    3.24552E+05  1.37366E+04  2.06225E+03  1.09794E+01  1.36227E+04  4.76408E+04
   298     612    1    3.28455E+05  1.95244E+03  7.73675E+02  1.16588E+01  8.12433E+03  2.04502E+03
   298     608    2    3.28455E+05  1.95244E+03  7.73675E+02  1.16588E+01  3.04878E+03  1.89671E+04
  3345     432    1    4.18955E+05  1.25501E+04  2.58725E+03  1.40427E+01  2.45298E+04  5.41414E+04
  3345     428    2    4.18955E+05  1.25501E+04  2.58725E+03  1.40427E+01  7.26885E+03  7.51250E+04
  3346     589    1    4.36430E+05  1.22356E+04  2.74965E+03  8.81047E+00  2.31806E+04  5.17696E+04
  3346     585    2    4.36430E+05  1.22356E+04  2.74965E+03  8.81047E+00  5.14082E+03  7.42566E+04
  3369     428    1    6.45963E+05  3.10577E+03  1.44746E+03  3.78310E+00  2.83881E+04  3.17275E+04
  3369     424    2    6.45963E+05  3.10577E+03  1.44746E+03  3.78310E+00  2.15145E+04  7.81790E+03
  3370     424    1    6.41765E+05  1.48877E+03  3.37629E+03  2.15006E+00  2.26297E+04  1.37770E+04
  3370     420    2    6.41765E+05  1.48877E+03  3.37629E+03  2.15006E+00  9.50476E+03  8.39126E+03
  3372     585    1    6.58741E+05  2.76540E+03  3.63130E+03  1.10902E+01  3.59512E+04  3.19323E+04
  3372     581    2    6.58741E+05  2.76540E+03  3.63130E+03  1.10902E+01  1.71550E+04  9.53253E+03
  3373     581    1    6.51920E+05  1.13032E+03  3.99493E+03  1.67540E+01  2.38113E+04  1.03763E+04
  3373     577    2    6.51920E+05  1.13032E+03  3.99493E+03  1.67540E+01  1.42915E+04  1.70990E+04
 30829     440    1    1.34976E+05  3.03200E+04  4.75017E+02  1.75717E+01  5.33288E+03  5.63244E+04
 30829    4689    2    1.34976E+05  3.03200E+04  4.75017E+02  1.75717E+01  7.25669E+03  6.64715E+04
 30830    4689    1    1.54546E+05  1.87206E+04  5.00770E+02  3.42771E+01  7.19569E+03  4.29983E+04
 30830     436    2    1.54546E+05  1.87206E+04  5.00770E+02  3.42771E+01  8.38198E+03  3.09480E+04
 30831     444    1    1.07743E+05  3.03542E+04  7.77844E+02  2.36127E+01  4.77839E+03  8.96511E+04
 30831    4688    2    1.07743E+05  3.03542E+04  7.77844E+02  2.36127E+01  8.50282E+02  6.36376E+04
 30832    4688    1    1.27181E+05  2.02655E+04  7.47514E+02  3.04979E+01  9.96962E+02  3.55854E+04
 30832     440    2    1.27181E+05  2.02655E+04  7.47514E+02  3.04979E+01  2.01246E+03  4.44632E+04
 30839     436    1    4.53944E+05  4.32685E+04  5.67638E+03  6.82648E+00  1.90384E+04  8.88247E+04
 30839    4690    2    4.53944E+05  4.32685E+04  5.67638E+03  6.82648E+00  3.95092E+03  8.64127E+04
 30840    4690    1    4.32778E+05  1.00406E+04  5.79591E+03  5.59713E+00  3.12678E+03  3.02720E+04
 30840    4446    2    4.32778E+05  1.00406E+04  5.79591E+03  5.59713E+00  2.68321E+04  1.07940E+04
 30847     604    1    1.24378E+05  2.96928E+04  4.90189E+02  2.40621E+01  5.42418E+03  5.52779E+04
 30847    4698    2    1.24378E+05  2.96928E+04  4.90189E+02  2.40621E+01  7.40944E+03  6.49780E+04
 30848    4698    1    1.43910E+05  1.81325E+04  5.95961E+02  3.21042E+01  7.35218E+03  4.30163E+04
 30848     600    2    1.43910E+05  1.81325E+04  5.95961E+02  3.21042E+01  9.11804E+03  2.86072E+04
 30849     608    1    9.73167E+04  2.99959E+04  7.15076E+02  2.73115E+01  4.61878E+03  8.86932E+04
 30849    4697    2    9.73167E+04  2.99959E+04  7.15076E+02  2.73115E+01  1.00764E+03  6.27859E+04
 30850    4697    1    1.16699E+05  2.00310E+04  6.89488E+02  3.03192E+01  1.13619E+03  3.51024E+04
 30850     604    2    1.16699E+05  2.00310E+04  6.89488E+02  3.03192E+01  2.18866E+03  4.40200E+04
 30857     600    1    4.71655E+05  4.33460E+04  5.87800E+03  1.08022E+01  2.02987E+04  8.99825E+04
 30857    4699    2    4.71655E+05  4.33460E+04  5.87800E+03  1.08022E+01  3.50721E+03  8.55690E+04
 30858    4699    1    4.50348E+05  1.08538E+04  5.84715E+03  9.66909E+00  2.69693E+03  3.07894E+04
 30858    4450    2    4.50348E+05  1.08538E+04  5.84715E+03  9.66909E+00  2.66118E+04  1.36025E+04
 
 ELEMENT RESULTS FOR ZONE = P50PLANE_F  CASE COMBINATION  NUMBER =  1
 
 ELEMENT GROUP =  50  (BEAM)  RESULTS ARE MEASURED IN ELEMENT STRESS SYSTEM
 
    EL    NGLOB NLOC       FORCE-R      FORCE-S      FORCE-T     MOMENT-R     MOMENT-S     MOMENT-T
 
  3371     420    1    4.01041E+05  9.88801E+03  8.86424E+02  1.46949E+01  5.93038E+03  3.56286E+04
  3371     416    2    4.01041E+05  9.88801E+03  8.86424E+02  1.46949E+01  1.54578E+03  4.05091E+04
  3374     577    1    3.68323E+05  1.28569E+04  9.51211E+02  1.28933E+01  1.04686E+04  4.72925E+04
  3374     573    2    3.68323E+05  1.28569E+04  9.51211E+02  1.28933E+01  3.14428E+03  5.17054E+04
  4119     416    1    8.78464E+04  8.78300E+03  1.56246E+02  4.56459E+02  2.75351E+03  1.95826E+04
  4119    1676    2    8.78464E+04  8.78300E+03  1.56246E+02  4.56459E+02  3.06337E+03  6.76635E+03
  4120    1676    1    8.62612E+04  5.80263E+03  3.32449E+02  2.50864E+02  4.30052E+03  6.95871E+03
  4120    1898    2    8.62612E+04  5.80263E+03  3.32449E+02  2.50864E+02  5.23138E+03  2.32061E+04
  4121    1898    1    8.42069E+04  4.25893E+03  7.18378E+02  6.13720E+02  6.82954E+03  2.34771E+04
  4121     412    2    8.42069E+04  4.25893E+03  7.18378E+02  6.13720E+02  9.41570E+03  2.26091E+04
  4124     573    1    4.84194E+04  1.04475E+04  4.36598E+02  5.57862E+02  1.88508E+03  2.81979E+04
  4124    1688    2    4.84194E+04  1.04475E+04  4.36598E+02  5.57862E+02  3.19487E+03  8.79761E+03
  4125    1688    1    4.69328E+04  6.45889E+03  4.71193E+02  1.47953E+02  2.00561E+03  8.54936E+03
  4125    1901    2    4.69328E+04  6.45889E+03  4.71193E+02  1.47953E+02  3.32495E+03  2.14320E+04
  4126    1901    1    4.49975E+04  4.43308E+03  6.66691E+02  5.98945E+02  2.61782E+03  2.16972E+04
  4126     569    2    4.49975E+04  4.43308E+03  6.66691E+02  5.98945E+02  5.01791E+03  2.33331E+04
 
 ELEMENT RESULTS FOR ZONE = P51PLANE_F  CASE COMBINATION  NUMBER =  1
 
 ELEMENT GROUP =  51  (BEAM)  RESULTS ARE MEASURED IN ELEMENT STRESS SYSTEM
 
    EL    NGLOB NLOC       FORCE-R      FORCE-S      FORCE-T     MOMENT-R     MOMENT-S     MOMENT-T
 
   145     408    1    1.35877E+05  3.79772E+03  1.92915E+03  7.95278E+00  1.29253E+04  2.54447E+04
   145       2    2    1.35877E+05  3.79772E+03  1.92915E+03  7.95278E+00  0.00000E+00  0.00000E+00
   350     565    1    1.21017E+05  3.91531E+03  1.75431E+03  2.52344E+01  1.17539E+04  2.62326E+04
   350      13    2    1.21017E+05  3.91531E+03  1.75431E+03  2.52344E+01  0.00000E+00  0.00000E+00
  4122     412    1    1.39172E+05  1.51806E+04  1.96714E+03  1.87299E+03  9.87302E+03  5.17630E+04
  4122    1699    2    1.39172E+05  1.51806E+04  1.96714E+03  1.87299E+03  9.84098E+03  4.11365E+04
  4123    1699    1    1.39172E+05  1.25994E+04  1.96714E+03  1.92023E+02  9.84098E+03  4.11365E+04
  4123     408    2    1.39172E+05  1.25994E+04  1.96714E+03  1.92023E+02  1.21890E+04  5.08389E+04
  4127     569    1    1.23566E+05  1.44740E+04  6.36936E+02  2.08593E+03  5.00928E+03  5.18799E+04
  4127    1711    2    1.23566E+05  1.44740E+04  6.36936E+02  2.08593E+03  5.45514E+03  4.17481E+04
  4128    1711    1    1.23566E+05  1.26508E+04  6.36936E+02  1.68062E+02  5.45514E+03  4.17481E+04
  4128     565    2    1.23566E+05  1.26508E+04  6.36936E+02  1.68062E+02  1.01048E+04  5.07610E+04
 
 ELEMENT RESULTS FOR ZONE = P52PLANE_F  CASE COMBINATION  NUMBER =  1
 
 ELEMENT GROUP =  52  (BEAM)  RESULTS ARE MEASURED IN ELEMENT STRESS SYSTEM
 
    EL    NGLOB NLOC       FORCE-R      FORCE-S      FORCE-T     MOMENT-R     MOMENT-S     MOMENT-T
 
  3388     520    1    2.35446E+04  1.74254E+02  6.03688E+03  7.76673E-01  1.84035E+03  3.61426E+02
  3388     498    2    2.35446E+04  1.74254E+02  6.03688E+03  7.76673E-01  2.43282E+04  3.35591E+02
 
 ELEMENT RESULTS FOR ZONE = P53PLANE_F  CASE COMBINATION  NUMBER =  1
 
 ELEMENT GROUP =  53  (TRUSS)  RESULTS ARE MEASURED IN ELEMENT STRESS SYSTEM
 
    EL  POINT                 FORCE-R    STRESS-RR
 
   567     1              4.68916E+04  4.06727E+06
   569     1              2.08924E+04  1.81216E+06
   579     1              1.02642E+05  8.90293E+06
   580     1              1.18851E+05  1.03088E+07
   585     1              1.04447E+05  9.05949E+06
   587     1              4.72669E+04  4.09983E+06
   593     1              1.22037E+05  1.05852E+07
   595     1              2.11520E+04  1.83468E+06
  2948     1              1.15935E+05  1.00559E+07
  2949     1              1.26262E+05  1.09517E+07
  3194     1              2.14043E+04  1.85656E+06
  3195     1              2.10167E+04  1.82294E+06
 
 ELEMENT RESULTS FOR ZONE = P57PLANE_F  CASE COMBINATION  NUMBER =  1
 
 ELEMENT GROUP =  57  (BEAM)  RESULTS ARE MEASURED IN ELEMENT STRESS SYSTEM
 
    EL    NGLOB NLOC       FORCE-R      FORCE-S      FORCE-T     MOMENT-R     MOMENT-S     MOMENT-T
 
     7     369    1    4.05301E+05  3.46197E+03  7.53731E+02  1.14200E+01  4.14954E+03  1.86893E+04
     7     365    2    4.05301E+05  3.46197E+03  7.53731E+02  1.14200E+01  2.42387E+03  1.10836E+04
    10     373    1    3.88547E+05  1.18575E+03  4.30440E+03  1.49087E+01  2.89979E+04  1.15343E+04
    10     369    2    3.88547E+05  1.18575E+03  4.30440E+03  1.49087E+01  5.86781E+03  3.36628E+03
   364     636    1    4.38247E+05  3.61450E+03  1.32172E+03  4.17023E+00  5.02604E+03  1.94681E+04
   364     632    2    4.38247E+05  3.61450E+03  1.32172E+03  4.17023E+00  6.34077E+03  1.16166E+04
   367     640    1    4.06513E+05  1.11491E+03  5.22365E+03  1.82948E+01  3.19524E+04  1.15093E+04
   367     636    2    4.06513E+05  1.11491E+03  5.22365E+03  1.82948E+01  1.03592E+04  3.82945E+03
 
 ELEMENT RESULTS FOR ZONE = P67PLANE_F  CASE COMBINATION  NUMBER =  1
 
 ELEMENT GROUP =  67  (BEAM)  RESULTS ARE MEASURED IN ELEMENT STRESS SYSTEM
 
    EL    NGLOB NLOC       FORCE-R      FORCE-S      FORCE-T     MOMENT-R     MOMENT-S     MOMENT-T
 
  1014     353    1    3.44175E+03  5.75733E+02  5.31335E+02  4.22601E+00  1.43909E+03  3.22526E+02
  1014     797    2    3.44175E+03  5.75733E+02  5.31335E+02  4.22601E+00  6.86255E+02  1.98041E+03
  1015     797    1    3.44901E+03  1.05116E+03  4.99444E+02  4.22601E+00  6.86423E+02  1.98041E+03
  1015     408    2    3.44901E+03  1.05116E+03  4.99444E+02  4.22601E+00  2.68420E+03  2.22424E+03
  1016     565    1    3.57877E+03  3.91996E+02  5.57109E+02  4.01143E+00  2.38856E+03  9.26413E+02
  1016     798    2    3.57877E+03  3.91996E+02  5.57109E+02  4.01143E+00  5.31174E+02  6.41570E+02
  1017     798    1    3.56762E+03  1.55749E+02  5.57109E+02  4.01143E+00  5.30979E+02  6.41570E+02
  1017     620    2    3.56762E+03  1.55749E+02  5.57109E+02  4.01143E+00  2.06811E+03  2.12514E+02
 
 ELEMENT RESULTS FOR ZONE = P81PLANE_F  CASE COMBINATION  NUMBER =  1
 
 ELEMENT GROUP =  81  (BEAM)  RESULTS ARE MEASURED IN ELEMENT STRESS SYSTEM
 
    EL    NGLOB NLOC       FORCE-R      FORCE-S      FORCE-T     MOMENT-R     MOMENT-S     MOMENT-T
 
   834     377    1    1.06627E+05  3.26787E+02  6.68661E+02  9.74502E+00  4.20108E+03  1.23683E+03
   834     745    2    1.06627E+05  3.26787E+02  6.68661E+02  9.74502E+00  1.52644E+03  2.82753E+02
   835     745    1    1.58824E+04  6.27255E+02  9.87694E+02  9.74502E+00  1.52621E+03  2.82753E+02
   835     432    2    1.58824E+04  6.27255E+02  9.87694E+02  9.74502E+00  2.42457E+03  2.57934E+03
   840     589    1    1.11797E+04  5.57886E+02  1.12388E+03  1.03735E+01  2.98158E+03  2.43240E+03
   840     748    2    1.11797E+04  5.57886E+02  1.12388E+03  1.03735E+01  1.51393E+03  2.94612E+02
   841     748    1    1.10947E+05  4.56087E+02  7.55843E+02  1.03735E+01  1.51421E+03  2.94612E+02
   841     644    2    1.10947E+05  4.56087E+02  7.55843E+02  1.03735E+01  4.53758E+03  1.62350E+03
   936     581    1    3.93717E+03  1.28901E+03  3.52712E+03  1.57925E-01  1.33644E+04  4.65404E+03
   936     767    2    3.93717E+03  1.28901E+03  3.52712E+03  1.57925E-01  1.46203E+03  1.05755E+03
   937     767    1    3.92558E+03  6.35448E+02  3.52712E+03  1.57925E-01  1.46211E+03  1.05755E+03
   937     636    2    3.92558E+03  6.35448E+02  3.52712E+03  1.57925E-01  1.48526E+04  1.51695E+03
 
 ELEMENT RESULTS FOR ZONE = P173PLANE_F  CASE COMBINATION  NUMBER =  1
 
 ELEMENT GROUP = 173  (TRUSS)  RESULTS ARE MEASURED IN ELEMENT STRESS SYSTEM
 
    EL  POINT                 FORCE-R    STRESS-RR
 
   572     1              2.18103E+04  2.92363E+06
   574     1              2.73654E+04  3.66829E+06
   589     1              3.22418E+04  4.32195E+06
   591     1              2.74122E+04  3.67456E+06
  3174     1              1.13911E+04  1.52696E+06
  3175     1              4.22675E+03  5.66589E+05
 
 ELEMENT RESULTS FOR ZONE = P174PLANE_F  CASE COMBINATION  NUMBER =  1
 
 ELEMENT GROUP = 174  (TRUSS)  RESULTS ARE MEASURED IN ELEMENT STRESS SYSTEM
 
    EL  POINT                 FORCE-R    STRESS-RR
 
   573     1              8.73561E+03  5.08878E+05
   575     1              5.19240E+04  3.02474E+06
   577     1              1.65929E+04  9.66594E+05
   584     1              1.81809E+04  1.05910E+06
   590     1              1.49786E+04  8.72554E+05
   592     1              4.62766E+04  2.69577E+06
  2947     1              1.83717E+05  1.07022E+07
  2950     1              1.98908E+05  1.15871E+07
  3172     1              2.88772E+04  1.68219E+06
  3173     1              2.04843E+04  1.19328E+06
 
 ELEMENT RESULTS FOR ZONE = P184PLANE_F  CASE COMBINATION  NUMBER =  1
 
 ELEMENT GROUP = 184  (BEAM)  RESULTS ARE MEASURED IN ELEMENT STRESS SYSTEM
 
    EL    NGLOB NLOC       FORCE-R      FORCE-S      FORCE-T     MOMENT-R     MOMENT-S     MOMENT-T
 
  4116    1895    1    1.31469E+05  6.31396E+03  2.38835E+02  7.69591E+00  3.65176E+02  8.64129E+03
  4116     357    2    1.31469E+05  6.31396E+03  2.38835E+02  7.69591E+00  1.05464E+03  1.40890E+04
  4117     357    1    3.50360E+04  3.12288E+02  6.04454E+03  2.03523E+02  1.61280E+04  1.69487E+03
  4117    1693    2    3.50360E+04  3.12288E+02  6.04454E+03  2.03523E+02  1.62640E+04  1.81263E+03
  4118    1693    1    3.71166E+04  4.93798E+03  2.17355E+02  2.86338E+01  1.26272E+03  1.65876E+04
  4118     353    2    3.71166E+04  4.93798E+03  2.17355E+02  2.86338E+01  1.43874E+03  1.94597E+04
  4131    1904    1    1.08933E+05  6.10874E+03  3.55292E+02  2.78680E+01  1.39461E+03  8.19904E+03
  4131     624    2    1.08933E+05  6.10874E+03  3.55292E+02  2.78680E+01  1.15841E+03  1.37924E+04
  4132     624    1    3.91194E+04  7.25666E+02  5.56682E+03  2.87335E+02  1.44328E+04  1.31590E+03
  4132    1705    2    3.91194E+04  7.25666E+02  5.56682E+03  2.87335E+02  1.46808E+04  1.00479E+03
  4133    1705    1    3.70700E+04  4.47348E+03  6.18661E+02  2.87730E+01  2.44764E+03  1.49910E+04
  4133     620    2    3.70700E+04  4.47348E+03  6.18661E+02  2.87730E+01  2.06858E+03  1.76654E+04
 
 ELEMENT RESULTS FOR ZONE = P186PLANE_F  CASE COMBINATION  NUMBER =  1
 
 ELEMENT GROUP = 186  (BEAM)  RESULTS ARE MEASURED IN ELEMENT STRESS SYSTEM
 
    EL    NGLOB NLOC       FORCE-R      FORCE-S      FORCE-T     MOMENT-R     MOMENT-S     MOMENT-T
 
     4     365    1    2.07034E+04  4.40949E+03  8.03761E+02  1.01449E+01  4.83570E+03  1.27409E+04
     4     361    2    2.07034E+04  4.40949E+03  8.03761E+02  1.01449E+01  1.35326E+03  2.12122E+04
   361     632    1    4.35989E+04  4.57534E+03  7.12537E+02  8.53744E+00  2.99490E+03  1.33241E+04
   361     628    2    4.35989E+04  4.57534E+03  7.12537E+02  8.53744E+00  2.57905E+03  2.19421E+04
  4114     361    1    1.27813E+05  1.54509E+03  5.97188E+02  4.78406E+01  1.42483E+03  1.14457E+04
  4114    1668    2    1.27813E+05  1.54509E+03  5.97188E+02  4.78406E+01  2.18869E+03  1.15802E+04
  4115    1668    1    1.29396E+05  1.81315E+03  4.74609E+02  2.76844E+00  8.74659E+02  1.18206E+04
  4115    1895    2    1.29396E+05  1.81315E+03  4.74609E+02  2.76844E+00  1.85264E+03  8.17428E+03
  4129     628    1    1.05372E+05  1.39957E+03  6.48206E+02  6.39074E+01  1.29243E+03  1.09952E+04
  4129    1681    2    1.05372E+05  1.39957E+03  6.48206E+02  6.39074E+01  9.06240E+02  1.12250E+04
  4130    1681    1    1.06916E+05  1.76900E+03  5.42058E+02  3.84867E+00  5.83092E+02  1.14686E+04
  4130    1904    2    1.06916E+05  1.76900E+03  5.42058E+02  3.84867E+00  9.34670E+02  7.73900E+03
 
 ELEMENT RESULTS FOR ZONE = P197PLANE_F  CASE COMBINATION  NUMBER =  1
 
 ELEMENT GROUP = 197  (BEAM)  RESULTS ARE MEASURED IN ELEMENT STRESS SYSTEM
 
    EL    NGLOB NLOC       FORCE-R      FORCE-S      FORCE-T     MOMENT-R     MOMENT-S     MOMENT-T
 
  3258     475    1    2.68936E+04  1.59903E+01  1.33673E+03  3.51287E-01  5.53222E+03  5.35416E+01
  3258     511    2    2.68936E+04  1.59903E+01  1.33673E+03  3.51287E-01  6.49839E+03  1.25160E+02
  3259     511    1    2.68604E+04  1.94642E+01  1.41252E+03  3.91150E-01  6.83425E+03  1.63917E+02
  3259     547    2    2.68604E+04  1.94642E+01  1.41252E+03  3.91150E-01  5.87841E+03  1.12612E+01
 
 ELEMENT RESULTS FOR ZONE = P198PLANE_F  CASE COMBINATION  NUMBER =  1
 
 ELEMENT GROUP = 198  (BEAM)  RESULTS ARE MEASURED IN ELEMENT STRESS SYSTEM
 
    EL    NGLOB NLOC       FORCE-R      FORCE-S      FORCE-T     MOMENT-R     MOMENT-S     MOMENT-T
 
  3449     462    1    6.01547E+04  1.30154E+02  1.91750E+03  2.25496E+00  7.58352E+03  4.61911E+02
  3449     498    2    6.01547E+04  1.30154E+02  1.91750E+03  2.25496E+00  9.67394E+03  7.09474E+02
  3450     498    1    5.99810E+04  2.00329E+02  2.03416E+03  2.24051E+00  1.01562E+04  9.94046E+02
  3450     534    2    5.99810E+04  2.00329E+02  2.03416E+03  2.24051E+00  8.15125E+03  8.08919E+02
 
 ELEMENT RESULTS FOR ZONE = P205PLANE_F  CASE COMBINATION  NUMBER =  1
 
 ELEMENT GROUP = 205  (BEAM)  RESULTS ARE MEASURED IN ELEMENT STRESS SYSTEM
 
    EL    NGLOB NLOC       FORCE-R      FORCE-S      FORCE-T     MOMENT-R     MOMENT-S     MOMENT-T
 
  3550     460    1    1.83442E+05  4.65413E+03  1.56869E+03  3.83783E+00  6.87268E+03  2.44423E+04
  3550     496    2    1.83442E+05  4.65413E+03  1.56869E+03  3.83783E+00  1.74737E+04  1.74449E+04
  3551     496    1    1.81192E+05  4.61541E+03  1.56471E+03  3.93762E+00  1.76399E+04  1.74940E+04
  3551     532    2    1.81192E+05  4.61541E+03  1.56471E+03  3.93762E+00  7.66246E+03  2.40447E+04
 
 ELEMENT RESULTS FOR ZONE = P211PLANE_F  CASE COMBINATION  NUMBER =  1
 
 ELEMENT GROUP = 211  (BEAM)  RESULTS ARE MEASURED IN ELEMENT STRESS SYSTEM
 
    EL    NGLOB NLOC       FORCE-R      FORCE-S      FORCE-T     MOMENT-R     MOMENT-S     MOMENT-T
 
   157     452    1    3.95935E+05  5.46623E+02  5.18787E+03  2.15344E+00  4.32167E+04  2.22500E+03
   157     482    2    3.95935E+05  5.46623E+02  5.18787E+03  2.15344E+00  8.14319E+03  3.18657E+03
   248     524    1    3.91990E+05  5.60664E+02  5.22277E+03  2.22662E+00  4.33986E+04  2.29354E+03
   248     554    2    3.91990E+05  5.60664E+02  5.22277E+03  2.22662E+00  8.30682E+03  3.25704E+03
  3375     482    1    4.70678E+05  6.42762E+02  5.98036E+03  3.49034E+00  3.40929E+04  2.58608E+03
  3375     478    2    4.70678E+05  6.42762E+02  5.98036E+03  3.49034E+00  1.97303E+04  3.19877E+03
  3376     478    1    2.62651E+04  2.07489E+03  1.01053E+03  5.73631E+00  2.99393E+03  5.28179E+03
  3376     487    2    2.62651E+04  2.07489E+03  1.01053E+03  5.73631E+00  3.66695E+03  5.09264E+03
  3377     487    1    2.43571E+04  3.46708E+03  1.33744E+03  4.54580E+00  3.66678E+03  7.04333E+03
  3377     475    2    2.43571E+04  3.46708E+03  1.33744E+03  4.54580E+00  7.40814E+03  6.82498E+03
  3378     475    1    1.76178E+05  4.51061E+03  2.09070E+03  1.44610E+01  1.12086E+04  8.98544E+03
  3378     486    2    1.76178E+05  4.51061E+03  2.09070E+03  1.44610E+01  5.49506E+03  9.50804E+03
  3389     554    1    4.66798E+05  6.47467E+02  5.96067E+03  3.72907E+00  3.39666E+04  2.63189E+03
  3389     550    2    4.66798E+05  6.47467E+02  5.96067E+03  3.72907E+00  1.96794E+04  3.19531E+03
  3390     550    1    2.45100E+04  2.07077E+03  9.56861E+02  6.22312E+00  2.93786E+03  5.30418E+03
  3390     559    2    2.45100E+04  2.07077E+03  9.56861E+02  6.22312E+00  3.62247E+03  5.04968E+03
  3391     559    1    2.26286E+04  3.62498E+03  1.24597E+03  4.31906E+00  3.62229E+03  7.35247E+03
  3391     547    2    2.26286E+04  3.62498E+03  1.24597E+03  4.31906E+00  6.82997E+03  7.14746E+03
  3392     547    1    1.79575E+05  4.46281E+03  2.07169E+03  1.18601E+01  1.14402E+04  8.93350E+03
  3392     558    2    1.79575E+05  4.46281E+03  2.07169E+03  1.18601E+01  5.72566E+03  9.36403E+03
 
 ELEMENT RESULTS FOR ZONE = P212PLANE_F  CASE COMBINATION  NUMBER =  1
 
 ELEMENT GROUP = 212  (BEAM)  RESULTS ARE MEASURED IN ELEMENT STRESS SYSTEM
 
    EL    NGLOB NLOC       FORCE-R      FORCE-S      FORCE-T     MOMENT-R     MOMENT-S     MOMENT-T
 
  3548     428    1    1.82382E+05  8.17991E+03  4.95309E+03  5.99761E+00  2.93206E+04  1.07694E+04
  3548    1612    2    1.82382E+05  8.17991E+03  4.95309E+03  5.99761E+00  6.60208E+03  2.77245E+04
  3549    1612    1    1.82251E+05  1.50338E+04  4.95309E+03  5.99761E+00  6.60412E+03  2.77245E+04
  3549     460    2    1.82251E+05  1.50338E+04  4.95309E+03  5.99761E+00  1.37805E+04  2.44888E+04
  3552     532    1    1.79938E+05  1.48753E+04  5.54122E+03  5.93620E+00  1.49713E+04  2.40900E+04
  3552    1618    2    1.79938E+05  1.48753E+04  5.54122E+03  5.93620E+00  7.77451E+03  2.66348E+04
  3553    1618    1    1.80051E+05  8.32677E+03  5.54122E+03  5.93620E+00  7.77239E+03  2.66348E+04
  3553     585    2    1.80051E+05  8.32677E+03  5.54122E+03  5.93620E+00  3.31902E+04  1.15851E+04
 
 ELEMENT RESULTS FOR ZONE = P213PLANE_F  CASE COMBINATION  NUMBER =  1
 
 ELEMENT GROUP = 213  (BEAM)  RESULTS ARE MEASURED IN ELEMENT STRESS SYSTEM
 
    EL    NGLOB NLOC       FORCE-R      FORCE-S      FORCE-T     MOMENT-R     MOMENT-S     MOMENT-T
 
  3950     485    1    2.68683E+03  5.62743E+03  3.88235E+03  5.45363E-01  1.57694E+04  1.14695E+02
  3950    1862    2    2.68683E+03  5.62743E+03  3.88235E+03  5.45363E-01  1.18870E+04  5.51273E+03
  3951    1862    1    2.68683E+03  2.84884E+03  3.88235E+03  5.45363E-01  1.18870E+04  5.51273E+03
  3951    1863    2    2.68683E+03  2.84884E+03  3.88235E+03  5.45363E-01  3.15174E+03  8.97145E+02
  3952    1863    1    2.68683E+03  4.88843E+02  3.88235E+03  5.45363E-01  3.15174E+03  8.97145E+02
  3952    1864    2    2.68683E+03  4.88843E+02  3.88235E+03  5.45363E-01  5.58354E+03  2.02751E+02
  3953    1864    1    2.68683E+03  2.46417E+02  3.88235E+03  5.45363E-01  5.58354E+03  2.02751E+02
  3953    1865    2    2.68683E+03  2.46417E+02  3.88235E+03  5.45363E-01  1.43188E+04  7.23432E+02
  3954    1865    1    2.68683E+03  1.50835E+03  3.88235E+03  5.45363E-01  1.43188E+04  7.23432E+02
  3954     520    2    2.68683E+03  1.50835E+03  3.88235E+03  5.45363E-01  1.91717E+04  1.38157E+03
  3955     520    1    2.64343E+03  1.50889E+03  4.07849E+03  6.18648E-01  1.98956E+04  1.38121E+03
  3955    1866    2    2.64343E+03  1.50889E+03  4.07849E+03  6.18648E-01  1.47975E+04  7.24164E+02
  3956    1866    1    2.64343E+03  2.47462E+02  4.07849E+03  6.18648E-01  1.47975E+04  7.24164E+02
  3956    1867    2    2.64343E+03  2.47462E+02  4.07849E+03  6.18648E-01  5.62089E+03  1.86634E+02
  3957    1867    1    2.64343E+03  4.45118E+02  4.07849E+03  6.18648E-01  5.62089E+03  1.86634E+02
  3957    1868    2    2.64343E+03  4.45118E+02  4.07849E+03  6.18648E-01  3.55571E+03  8.14882E+02
  3958    1868    1    2.64343E+03  2.59137E+03  4.07849E+03  6.18648E-01  3.55571E+03  8.14882E+02
  3958    1869    2    2.64343E+03  2.59137E+03  4.07849E+03  6.18648E-01  1.27323E+04  5.01570E+03
  3959    1869    1    2.64343E+03  5.12801E+03  4.07849E+03  6.18648E-01  1.27323E+04  5.01570E+03
  3959     557    2    2.64343E+03  5.12801E+03  4.07849E+03  6.18648E-01  1.68108E+04  1.12308E+02
  3990     487    1    2.04764E+03  3.26917E+02  2.54660E+03  3.39380E-01  1.00915E+04  4.68973E+00
  3990    1798    2    2.04764E+03  3.26917E+02  2.54660E+03  3.39380E-01  7.54489E+03  3.22804E+02
  3991    1798    1    2.04764E+03  1.57726E+02  2.54660E+03  3.39380E-01  7.54489E+03  3.22804E+02
  3991    1799    2    2.04764E+03  1.57726E+02  2.54660E+03  3.39380E-01  1.81503E+03  5.34646E+01
  3992    1799    1    2.04764E+03  3.07847E+01  2.54660E+03  3.39380E-01  1.81503E+03  5.34646E+01
  3992    1800    2    2.04764E+03  3.07847E+01  2.54660E+03  3.39380E-01  3.91482E+03  1.02981E+02
  3993    1800    1    2.04764E+03  3.65291E+01  2.54660E+03  3.39380E-01  3.91482E+03  1.02981E+02
  3993    1801    2    2.04764E+03  3.65291E+01  2.54660E+03  3.39380E-01  9.64468E+03  1.29716E+02
  3994    1801    1    2.04764E+03  1.70657E+02  2.54660E+03  3.39380E-01  9.64468E+03  1.29716E+02
  3994     522    2    2.04764E+03  1.70657E+02  2.54660E+03  3.39380E-01  1.28279E+04  1.98779E+02
  3995     522    1    2.04727E+03  1.70238E+02  2.68217E+03  3.67301E-01  1.33531E+04  1.98695E+02
  3995    1802    2    2.04727E+03  1.70238E+02  2.68217E+03  3.67301E-01  1.00004E+04  1.29660E+02
  3996    1802    1    2.04727E+03  3.71239E+01  2.68217E+03  3.67301E-01  1.00004E+04  1.29660E+02
  3996    1803    2    2.04727E+03  3.71239E+01  2.68217E+03  3.67301E-01  3.96550E+03  1.03771E+02
  3997    1803    1    2.04727E+03  2.73919E+01  2.68217E+03  3.67301E-01  3.96550E+03  1.03771E+02
  3997    1804    2    2.04727E+03  2.73919E+01  2.68217E+03  3.67301E-01  2.06937E+03  4.99861E+01
  3998    1804    1    2.04727E+03  1.37643E+02  2.68217E+03  3.67301E-01  2.06937E+03  4.99861E+01
  3998    1805    2    2.04727E+03  1.37643E+02  2.68217E+03  3.67301E-01  8.10425E+03  2.83638E+02
  3999    1805    1    2.04727E+03  2.89111E+02  2.68217E+03  3.67301E-01  8.10425E+03  2.83638E+02
  3999     559    2    2.04727E+03  2.89111E+02  2.68217E+03  3.67301E-01  1.07864E+04  5.47239E+00
  4034     486    1    3.96854E+03  8.17450E+02  3.20388E+03  1.71331E-01  1.26581E+04  3.02345E+01
  4034    1830    2    3.96854E+03  8.17450E+02  3.20388E+03  1.71331E-01  9.45426E+03  7.90016E+02
  4035    1830    1    3.96854E+03  4.01900E+02  3.20388E+03  1.71331E-01  9.45426E+03  7.90016E+02
  4035    1831    2    3.96854E+03  4.01900E+02  3.20388E+03  1.71331E-01  2.24553E+03  1.90722E+02
  4036    1831    1    3.96854E+03  6.82373E+01  3.20388E+03  1.71331E-01  2.24553E+03  1.90722E+02
  4036    1832    2    3.96854E+03  6.82373E+01  3.20388E+03  1.71331E-01  4.96320E+03  1.06389E+02
  4037    1832    1    3.96854E+03  8.34637E+01  3.20388E+03  1.71331E-01  4.96320E+03  1.06389E+02
  4037    1833    2    3.96854E+03  8.34637E+01  3.20388E+03  1.71331E-01  1.21719E+04  2.27069E+02
  4038    1833    1    3.96854E+03  4.37397E+02  3.20388E+03  1.71331E-01  1.21719E+04  2.27069E+02
  4038     521    2    3.96854E+03  4.37397E+02  3.20388E+03  1.71331E-01  1.61768E+04  4.66875E+02
  4039     521    1    3.96046E+03  4.37513E+02  3.31375E+03  5.02571E-02  1.66035E+04  4.67509E+02
  4039    1834    2    3.96046E+03  4.37513E+02  3.31375E+03  5.02571E-02  1.24613E+04  2.27126E+02
  4040    1834    1    3.96046E+03  8.33900E+01  3.31375E+03  5.02571E-02  1.24613E+04  2.27126E+02
  4040    1835    2    3.96046E+03  8.33900E+01  3.31375E+03  5.02571E-02  5.00535E+03  1.05055E+02
  4041    1835    1    3.96046E+03  6.68892E+01  3.31375E+03  5.02571E-02  5.00535E+03  1.05055E+02
  4041    1836    2    3.96046E+03  6.68892E+01  3.31375E+03  5.02571E-02  2.45059E+03  1.87733E+02
  4042    1836    1    3.96046E+03  3.95716E+02  3.31375E+03  5.02571E-02  2.45059E+03  1.87733E+02
  4042    1837    2    3.96046E+03  3.95716E+02  3.31375E+03  5.02571E-02  9.90653E+03  7.79359E+02
  4043    1837    1    3.96046E+03  8.04605E+02  3.31375E+03  5.02571E-02  9.90653E+03  7.79359E+02
  4043     558    2    3.96046E+03  8.04605E+02  3.31375E+03  5.02571E-02  1.32203E+04  2.52458E+01

